site,A,C,D,E,F,G,H,I,K,L,M,N,P,Q,R,S,T,V,W,Y
31,0.051169100657036184,0.018096182331367616,0.0609152249508715,0.07457290663589082,0.14018611518300825,0.04593738323556083,0.05562786750507594,0.048929759917686784,0.04071587596773194,0.03502473224776783,0.02451997185000443,0.032451199307219764,0.03371907598429644,0.027310257636749616,0.045953869718911244,0.05171034010398099,0.07108247496478311,0.04327966363768049,0.07253007399045103,0.02626792417392531
32,0.02038492940982267,0.1680851464797277,0.05934230546468478,0.06851794367684931,0.001068127269594986,0.06027223094415715,0.06434642087961669,0.012025696251186206,0.0591975560530464,0.02937635881677712,0.014085134946255934,0.05071351386079121,0.06893051479739305,0.07756231185366326,0.09991630283290757,0.052906430937407094,0.05189624662800715,0.03821262791534834,0.000984874385644049,0.002175326597119522
33,0.025207357245139603,0.02575277927955274,0.02935209845561695,0.06362305891277995,0.03542897266747267,0.033586600690818647,0.06567964293223602,0.04722194743951959,0.040365632333566284,0.06462972357310796,0.0970594021212555,0.06270518985111238,0.04147306848351671,0.060001139708325844,0.033918232631233884,0.05238439365089981,0.0658327275048591,0.04786377419121004,0.05214626234664878,0.055767995981127506
34,0.12808948313124474,0.001682897380044866,0.0048162770271863815,0.023926352819573404,0.05232392248984484,0.0893207099072478,0.015666091434951113,0.03870617126647787,0.0355695309099852,0.08923592238966815,0.03407713481476293,0.030392287390610385,0.027694358126338817,0.06176702238914198,0.019444901515607956,0.03549948658727628,0.05212173084475155,0.0443711488266257,0.06069074155391908,0.15460382919474075
35,0.0005003298892995743,0.012149806099818097,0.001607405766775695,0.0009157653001275799,0.20555388328824367,0.002702501838986337,0.006476209329806349,0.001232240176308628,0.0030242084108209307,0.0025979096893321315,0.008119025527405071,0.010407466334163739,0.00046111967689157276,0.0009634938946928327,0.0015306285475821056,0.0007500649211176262,0.0013105203563948057,0.00044385113548684737,0.5094131123181829,0.22984045749856358
36,0.10912645190470105,0.018224841149793773,0.0019436586432241456,0.001678609767623715,0.020692544424651856,0.0006915516807336062,0.0015295179774106478,0.031474018861824105,0.00031449788558763784,0.0023242881485146605,0.0013834588358257655,0.001376679386516675,0.0009296708850270518,0.0007415001058392833,0.00021475266188489855,0.003392974173265041,0.18254684565498772,0.6052019994528883,0.006194506275413662,0.010017632124286387
37,0.07408864860674676,0.022402103150669133,0.0037885102162145776,0.0006490529956000477,0.003397857798227952,0.07588526607733914,0.0005646613785199597,0.003236497765331192,0.0011916792050719334,0.0008461639302364923,0.016147944116288754,0.05050556661605465,0.0020221063267161377,0.0007638668224683808,0.000289349013705874,0.15859123755019763,0.5554021304323596,0.012101317536202588,0.01752101643825846,0.0006050240237906675
38,0.008026632828031828,0.007119182049325474,0.00741792766097361,0.0052704497958377125,0.0038724377610073334,0.0017696593829095418,0.0012273687124573745,0.021876378511259446,0.0017751718928831512,0.01730429543710359,0.012680265530270017,0.004683038342316413,0.0015861968458053897,0.002717808350451803,0.0025009163897690132,0.005637248398484424,0.0034568321877495567,0.8741438895606389,0.016311776562142104,0.0006225238005832003
39,0.0007263668986903566,0.002039265613227042,0.0014897626414704652,0.001517708876954482,0.38855931601603094,0.00029827445143334525,0.027002037857422688,0.015624743927090002,0.0002117220641149992,0.028991372578819397,0.07618370194523266,0.007744214751362441,0.0008271140959212158,0.00029302735393673513,0.00027818278031235024,0.0006097384117423808,0.00023658252282386845,0.010683923873123523,0.023605893053975955,0.4130770502863152
40,0.005789576345210622,0.01026215266999329,0.002237621616913307,0.003036908708817003,0.11512930771597714,0.0018497231319135393,0.007389819307185242,0.017624316922620398,0.0010933411261326335,0.0010245021944206107,0.014994553328055715,0.005796829157543542,0.0016164806077220617,0.0006392626277621224,0.000742283944260426,0.001010117600467892,0.004501641710285695,0.01296462459139532,0.042986655095802934,0.7493102815975206
41,0.032874440242508386,0.0010703223861597408,0.0020243947123625805,0.01052375969520184,0.0016254177766014926,0.8606326680499435,0.002218906667054193,0.00284690221677569,0.00330733195648122,0.0029920671302856084,0.005640435154982517,0.004628486053215326,0.03139431055045638,0.0026028864897581134,0.02035501779507823,0.00022553089598961488,0.0005153871540192094,0.005700976489296549,0.008349227029225848,0.00047153155460399985
42,0.012213350189259788,0.06342948309060016,0.0017565513858951414,0.010456965999325801,0.01049860659006727,0.0039664069385127315,0.0011441127975778083,0.20013293710673358,0.0026477664750597174,0.003231053631596037,0.0028600075532145604,0.004378177228453781,0.0006326354143889473,0.0013667185287216375,0.00021753752413161285,0.0002705003958588574,0.03517375336663883,0.635208418082763,0.00806771998366723,0.00234729771753362
43,0.001211021421505913,0.0025650382914447468,0.0005905659752265267,0.0023903222807153592,0.007498484811635878,0.001757495698709325,0.00761255706213174,0.0009494300292329645,0.00046491075947066834,0.002365253165599258,0.0040226041208398415,0.0006347837125983729,0.9263683340324899,0.0014932296455063946,0.0005917441774947741,0.023737566835402835,0.005353455034962121,0.0029801705905943394,0.0049896715903174,0.002423360764121649
44,0.054009217602782496,0.019065390911076594,0.00014400135616067123,0.010938904227721846,0.0017809229148010826,0.0028690817732077933,0.000558622736608053,0.21351935196929736,0.33319226878170927,0.021459730184455975,0.00840596095833572,0.02519798064434505,0.00013433837044582748,0.031052579669169363,0.003613951509987379,0.052558907265515875,0.007281315192022624,0.2091772390753975,0.004406762330278653,0.0006334725266808374
45,0.0009035167799908052,0.013824288515639322,0.0008794655907731315,0.0026249655941895846,0.33869677520562397,0.0013083625598501129,0.0033683768696987477,0.0002878725389180233,0.001124070436823114,0.0020357130597495124,0.0012354835222294137,0.001328430938391269,0.0031457385362773744,0.004812705771065434,0.0015763277193513758,0.0012981788546952756,0.00030611910154727297,0.004603713503013217,0.4135445541163547,0.20309534078581834
46,0.05237424922409929,0.03633588767827817,0.05097170919705316,0.11603127226816788,0.027629750514868507,0.08785313309893736,0.03720009895061687,0.021147969252624743,0.07940341725271685,0.05167469366631318,0.04466425080487054,0.09649280941980892,8.285827541281808e-05,0.08895287366912533,0.039880253404985105,0.04824121048075795,0.06872726169332011,0.015618804211351376,0.004618248580669379,0.03209924835602247
47,0.11671579667437078,0.000945963209488155,0.14000569160727624,0.16263560870991736,0.0025712015865796928,0.03349569560472773,0.025496937106577407,0.007188834694217922,0.018919367593382603,0.002618088085580852,0.038868916772135845,0.024602692539493175,0.17388020616610436,0.06660482088133092,0.008631797254031952,0.056735672491389874,0.06312231168044576,0.014542813493621983,0.027148743996592794,0.015268839852734575
48,0.17791748628067025,0.04721445036492548,0.041100565899159155,0.01666569388001,0.05962183245516871,0.11897274405351804,0.02302150259659462,0.025524363966970852,0.02648271957864262,0.004172702837643202,0.015089009525085073,0.0004435602091211091,0.0014940409677475705,0.008782116806815855,0.0052679131465676685,0.2209221198303928,0.12560849777565777,0.014112440740906439,0.054611992814350654,0.01297424627005216
49,0.03829415826306343,0.012930857495966178,0.07209430954162499,0.025571273020353447,0.12236517724219197,0.0059244947618465535,0.02865816281483825,0.09465140893383182,0.025335085951576918,0.04146320170622582,0.22792770559953693,0.01841241539242654,0.014986292617790173,0.020594486160731496,0.03223898893446252,0.05661355650689734,0.030403848615477694,0.07224715612962976,0.019221135735815967,0.04006628457571215
50,0.10668585555318912,0.06869983566958672,0.006915509042578531,0.023530534918510232,0.007844331510269191,0.057112536856456515,0.003444000823019416,0.020638854458762505,0.0014730080598357625,0.0023916799176406838,0.02089077918513596,0.018456349515718246,0.09482617139264188,0.007911949373034128,0.001498008238742977,0.11160464698237355,0.2506924201975953,0.18481205736718084,0.007451632188753349,0.0031198387489750922
51,0.0417192922626256,0.106581747652523,0.009369867370089156,0.0032204298540428437,0.05279895038870049,0.019434179867711354,0.006466286253103699,0.0883851865147282,0.005515274411954747,0.03394039098873544,0.08229754305638688,0.0021696599649345025,0.05908488841914068,0.013972095468749958,0.009059483499971845,0.039077580791739376,0.09907470813323875,0.2505373895058388,0.02654902712945325,0.050746018466331394
52,0.0010911124886654438,0.06367551393645542,0.0005827598352510513,0.000988482025663038,0.12170682853660064,0.0057389326131441825,0.015781350443466118,0.0563812958012156,0.0027623806588108844,0.5499255702158915,0.12539254339886516,0.007835219339429786,0.0037641193271320357,0.013964857270558082,0.0004790591279278136,0.0014828796054264372,0.008982922740540068,0.008216805374265319,0.0037622786513193157,0.007485088609372094
53,0.016750288962291734,0.020106257355959195,0.0010542556738609601,0.01446649633220554,0.2295292661126843,0.0030288178328880455,0.06078157671806636,0.1511481132810602,0.0021272111831969393,0.15062273375495816,0.10123855117561062,0.0012530905609073556,0.0036295592730698992,0.00717699836141943,0.0004894313170328396,0.008037862654171387,0.003568068799327405,0.040334370383268106,0.010435266942913468,0.17422178332510807
54,0.0016611745695434591,0.9236481335235657,0.006254912538598296,0.0012982072491667654,0.013487625975266674,0.006295396698641895,0.0008167363353627522,0.003333794586677976,0.0019425765855880534,0.0016636861143615204,0.003001181718218807,0.0006119442791138271,0.0012452527124499086,0.0010454055837262135,0.006921330286090881,0.0022152524395334145,0.00719999315107572,0.0019199750794386425,0.010920692980512665,0.0045167275930668195
55,0.1625626139322251,0.007281672030342466,0.0004346595039595649,0.007242819383794173,0.0028638391979976005,0.09276835353374277,0.010139859738742946,0.3416400289040517,0.00043623290362525843,0.0008397283709038041,0.05427282847545188,0.007880109377391236,0.00047158989717275125,0.0010676632202385988,0.0007118269405671784,0.046330862455277885,0.024151750342616227,0.22942458613105918,0.008105587107920595,0.0013733885529192793
56,0.043916096676269,0.12038907344865431,0.0003934692581271135,0.011643112419926677,0.0036185824026412554,0.014820564993120098,0.3584455137057842,0.013550052450130828,0.0007165759463530049,0.006521986879122871,0.037580828272860946,0.02882327108734175,0.0015704817924955107,0.025909936114631826,0.0014447000205875954,0.08962020938144073,0.0970073663908041,0.0408922518515309,0.09755628077675585,0.0055796461314215635
57,0.030016290761438122,0.007790077274845172,0.04527783891208617,0.014548663894214579,0.03984031450688744,0.05751891531363068,0.10775214205917837,0.023244798620139877,0.07219254676433376,0.052575821546162506,0.05968636431906308,0.05446877528806263,0.012470971755695889,0.02918473274443584,0.06681245250342238,0.09402669363109335,0.06548362403859673,0.04769556080800828,0.08677045190224336,0.032642963356462
58,0.019577588106582566,0.0020782313557876457,0.0027426272517056434,0.00862753674692516,0.08613443097057917,0.05610001676023837,0.023372492051768896,0.19091884269973602,0.0014100078467553679,0.018981991072768916,0.09109919276424529,0.027216240744429288,0.035916962067342656,0.07150975035905724,0.05115163968174729,0.04270111370895073,0.03773075481684794,0.13444986470512452,0.07207436550379534,0.026206350785611992
59,0.0383372523454979,0.0479703499438233,0.03149950459752551,0.0447810427136053,0.0317027227843306,0.04532893707211005,0.027331545007062558,0.11058425142358103,0.01966898134717427,0.022831879007785882,0.13535198314446303,0.04219333701116185,0.04259168971135984,0.047390847964388264,0.0311359963578477,0.05338042144597874,0.05624527083241523,0.06981010477926944,0.026748142467475165,0.07511574004314467
60,0.029076726397268635,0.00045891415486733737,0.0005458875587408211,0.0009656689087119159,0.1869157471515241,0.041108830002294844,0.12825013042558558,0.0437306703866671,0.0005900728863364408,0.035620277028400996,0.10232150738157866,0.07868587752398995,0.0257534561037669,0.13510250583233538,0.000927644216510054,0.05216244513746804,0.021105839791110255,0.018152193593368646,0.009340823939046259,0.08918478158042797
61,0.1253345601527638,0.00599530453808884,0.01320595441947917,0.00119465208962768,0.01637286260802775,0.012146816684623042,0.16021358596972882,0.08730024470980159,0.00035011583533212803,0.05838382676741938,0.10814375394522646,0.010236084421059085,0.03378646044823438,0.11157838441707302,0.0014915770555935298,0.05867557663728991,0.08856921003266185,0.06933924968252342,0.015399768999483018,0.022282010585963213
62,0.08017681611594445,0.04073098220429553,0.026511641015587405,0.022738559039349005,0.03938763221290232,0.16780892311404375,0.0658647915819656,0.03708592713532361,0.03890702161955198,0.027206858849228247,0.06607588930083469,0.04583322708788389,0.03814093518460762,0.07360595773392822,0.06422500894608565,0.0236057193461475,0.06352450491655719,0.008563887494976935,0.019835842278304077,0.050169874822482474
63,0.09078132901911387,0.005583292748624911,0.07819928618031605,0.023659364967435585,0.019476445468032406,0.07093322947294348,0.035264712774273954,0.032114142931289544,0.13534618572741688,0.008276603585648752,0.06357701345339384,0.05794748270710878,0.06862855576949237,0.02829565150416863,0.07915102794913874,0.07074844289114715,0.04293699236388845,0.03215279435006323,0.011985729031022452,0.044941717105480936
64,0.004030132710554399,0.0050841394936011,0.0862874298471379,0.10933646315817318,0.0006991659649134786,0.23042842048107287,0.002206696256238022,0.0006697401135344431,0.009456068805295072,0.0004666051861675106,0.0022604850827382082,0.4609143000831408,0.0005654752852501154,0.0066782195141998684,5.175082292611559e-05,0.06527479351639115,0.004044254835963474,0.0006041696369377379,0.009451550713011882,0.001490138492752719
65,0.008237353062424665,0.011551591682248823,0.2714402316313113,0.07250934864947979,0.08343799150351684,0.038096643721894245,0.10568053106815188,0.01550740873608013,0.030126760116163262,0.007950489299856183,0.037670623777621946,0.06959968671766639,0.002205940102990662,0.03621555107001285,0.03676769290409711,0.014328923931007086,0.0518193478717961,0.014177560474490616,0.0506400111655267,0.04203631251366338
66,0.14513431631435103,0.00034019241434151895,0.001284241796426343,0.003667608568914458,0.06356718862091304,0.04927257417396877,0.021766599241118123,0.12803103108550407,0.00033959026602680694,0.0072176985048995,0.01781597298076139,0.1299057824333662,0.000247332896611207,0.13505624870345387,0.0004475377229802801,0.03561295059092487,0.06733488085670912,0.10486256542738749,0.028709477240803784,0.05938621016053818
67,0.004656605506245456,0.007318510153927865,0.24523088344007493,0.0035644746198533537,0.2461110722806286,0.005651661587091518,0.008858444983815819,0.0032162223169628903,0.0016679459316786096,0.036012929940109135,0.012040775605316053,0.055397642746116485,0.00046099666814541256,0.007886533663352357,0.012907882979663684,0.07122942093425334,0.14725071189949615,0.02534766103581674,0.004703597587381067,0.10048602612007057
68,0.03158145734827533,0.021349982794835902,0.0024255876888319276,0.00329011215754052,0.09064156564759333,0.020894377806131383,0.019829369132008477,0.41302346517940075,0.008508438224015775,0.04002562999779818,0.04487082751162675,0.011556018386564212,0.0004267945028060911,0.0055838804989905184,0.008450705724299424,0.010850777347816387,0.013237291644381564,0.140846615413015,0.07821370377731789,0.03439339921675074
69,0.11338243454437673,0.011221661935914092,0.0025828300766784886,0.0017705652176936387,0.15160590062732313,0.0007062938371383504,0.003818857364043367,0.3458254597105723,0.003674183189996289,0.005581951283620645,0.038931504413822315,0.006628400004497945,0.00026363301737986327,0.08667592893128012,0.007957062866738553,0.0009951663547518794,0.0001927262203523675,0.09144872438901415,0.12228974020790144,0.004446975806904263
70,0.052744858630103704,0.03998607784914662,0.0035870217484543572,0.04498064731634384,0.008765085916789416,0.03710105890508062,0.32383159239851433,0.032517668293330304,0.15661695588265964,0.019378345224017834,0.05861246709795785,0.017114475294365817,0.000896965096691288,0.032710299234978514,0.0003796198768874247,0.07098184626036723,0.005938339050105323,0.03917073965635681,0.04648035363904256,0.008205582628806322
71,0.038539444145757544,0.022335838800093745,0.004872918169393046,0.17032890522967417,0.006923288857907566,0.09457840401316175,0.04231222777657057,0.07042853926229484,0.0242859208858523,0.02004406452012327,0.034337771888577964,0.06751363730265658,0.0025565749473832845,0.019086389832515597,0.020236165988376298,0.011675383293998037,0.12428519763204172,0.1293041931105402,0.08952819967734263,0.0068269346657389126
72,0.039529119330755653,0.04096028978495728,0.029131435157698483,0.024498764399300075,0.02520011920754322,0.036603618566149354,0.07219660977206159,0.04845926418212023,0.09311516906550271,0.0031618936428653944,0.012985299208389898,0.06327531399076457,0.06499740383438057,0.020733826636784674,0.0711585780418471,0.038618054041021796,0.024457383016224476,0.04575425225859632,0.20134536602181136,0.04381823984122534
73,0.17210781357551547,0.04754081706225746,0.005496878352075171,0.04257284130619675,0.04935097883954619,0.09044357368011187,0.04481860991277982,0.03947690315077058,0.04514682082701307,0.05546296759732415,0.045661199067522806,0.04583987116556587,0.013325036812333366,0.04573774610824444,0.038323955246566975,0.04828741980548255,0.04212678463403931,0.030026396312124934,0.05087053540383166,0.047382851140697485
74,0.019644020223681335,0.8295979665739465,0.0037638006898337638,0.004357173178556882,0.007477071575593217,0.015824630089513448,0.0023471355667673355,0.0028620545243856314,0.004639649307702226,0.0023801498765819605,0.00947019432922697,0.010986003259773109,0.00272771355034626,0.0034660503516945936,0.004677809957802009,0.015441854281568513,0.025539096571442182,0.003481459481793014,0.011714302555698424,0.01960186405409271
75,0.052532321981462196,0.016744688315231956,0.03732469511391626,0.06890843562180933,0.010377565798531338,0.026381436966672115,0.008106269430564453,0.05049141240195857,0.004574823527782506,0.022919672102266482,0.06325494616090555,0.0062254365869438,0.3997632582753962,0.023493873774669997,0.004432016171507314,0.02368213420268154,0.037347949043493305,0.06609308777719379,0.04298306029810503,0.03436291644890831
76,0.10795007676814675,0.003979022730423005,0.0040004436469442345,0.0019532953652660876,0.09214587131362269,0.06837777591747023,0.004348925296416113,0.003683247256412839,0.0012449758399794677,0.20365348474962558,0.10043817203972592,0.0024421138578307796,0.17494996176876726,0.00174168053939622,0.0017943499614455469,0.03932905624227988,0.0017834392485209392,0.022201607874486995,0.004885747628799571,0.15909675195443979
77,0.04485533306289229,0.03665163280182554,0.004565602925017119,0.008132447565774048,0.16846197306975313,0.02236858517051135,0.09650686274402848,0.1302362215607228,0.008974122635509549,0.025755542431666948,0.06269423259311892,0.05042020515598327,0.007701941474835278,0.04230106506738624,0.008829345406791015,0.01608792675567974,0.03342665270248041,0.13120063707437002,0.024963166363940057,0.07586650343771402
78,0.03823556108262735,0.007353919445362785,0.05864003353229879,0.05591124090205612,0.03539062791788423,0.045652549750265295,0.05132273607151037,0.067281395690948,0.007628635672344499,0.1399911767906945,0.02617318555524273,0.09992633672209411,0.029508335428479887,0.0872024825413043,0.045948125610952295,0.023085838576417918,0.01748745347371447,0.057320098895670746,0.030074778481578433,0.07586548785855303
79,0.07117992427760693,0.03645679292511706,0.012790120415240466,0.026128655822971546,0.0710336779701627,0.07620855858657574,0.04046505076481696,0.009476022596172631,0.004520688922700019,0.04901455076424947,0.034805023286016847,0.07078888461348395,0.023611203773343446,0.08165132714417198,0.005951642007166097,0.07753435262764644,0.15592860147560098,0.09553900444121138,0.044483613763085884,0.012432303822659562
80,0.05441536358083184,0.006077909175585964,0.026120081638664,0.055214405632624364,0.09877629924102553,0.033690589342125564,0.024843506767849084,0.10831078500205928,0.02135955063245037,0.04491969648844606,0.09508255324432352,0.03809018950054771,0.0002903140265500051,0.013320277380875678,0.02284643434911582,0.03728761826671794,0.010563223087055202,0.07347661259858727,0.16248416219459214,0.07283042784997269
81,0.06954640080570003,0.02132061337986991,0.06823544120981985,0.08744734588496865,0.07540927834236137,0.04579695957188522,0.0026714726667434784,0.04789474804019409,0.029636384659668856,0.028708437182057196,0.133449170663435,0.04020137854989848,0.03257816902830008,0.08499677207542236,0.033533448608904656,0.02911874561969091,0.06199881952748014,0.058798100517692076,0.029546400586345826,0.019111913079561872
82,0.061383915445820246,0.04162443488721336,0.05376053740817951,0.05363638762364786,0.10632994760434879,0.014513054234375936,0.02335264150859086,0.07968267345334525,0.02519219567303343,0.04437798509888973,0.05844012769446012,0.05410095456933938,0.022435652094325617,0.06233189971691427,0.06687345428967838,0.06982391508477509,0.04419341917787482,0.02696474374441506,0.03181060300230124,0.05917145768847103
83,0.13998746641238216,0.0030599864737573153,0.14684217482467166,0.36289315203989253,0.00292667477669831,0.04042429187029994,0.005536645472771684,0.012521146490378127,0.004540936593849707,0.0029689796273677845,0.01602565667370783,0.009950804061662228,0.04736845790162566,0.10091239837630553,0.002269931033703966,0.025122494159872576,0.03796127152509495,0.01765899635940347,0.004779556255423797,0.016248979071130945
84,0.07888493278255562,0.02069541293510395,0.025620867104997894,0.01773503840479715,0.011300216761679081,0.08152352915228407,0.03316205814677847,0.0621975823116217,0.015585226694605688,0.01724298359072711,0.04000522354964222,0.00886748559715355,0.00635279797405603,0.15381697694561428,0.021901561134573113,0.11180155927083447,0.11655734242286445,0.10650538207674708,0.009744186714274466,0.06049963642908957
85,0.01613655135165166,0.03432044828699644,0.06323215954656665,0.06638784297410352,0.14413822956316819,0.053904638931158315,0.03435365376044337,0.016299204027676338,0.052163720001714015,0.021908096243732814,0.10874752720669446,0.023338145268210944,0.06872139666091724,0.14549770417947672,0.033505924519329225,0.015238433869038791,0.0010236685215366736,0.02326589005014636,0.061556779324977946,0.01625998571246011
86,0.04641524235627335,0.033370677797439796,0.0015808009346166764,0.0053146810516263,0.007674563795030758,0.0009661790892846476,0.018339966900698744,0.1442398301168684,0.0009226657945335599,0.39470967892372544,0.057177036097458105,0.010876966172678002,0.0004457180446421614,0.03705412874491822,0.0007823425073129958,0.002016157196278952,0.01506730785190568,0.20590137898222483,0.011877894957898082,0.005266782684585375
87,0.033811438474568876,0.027366283222659476,0.028033987476776843,0.050884544232173125,0.05333786480980832,0.0020010001864686146,0.08143210957716716,0.023812270353515595,0.051653082366291424,0.0339983551679414,0.07023423086078708,0.04755161268387987,0.18702458148693196,0.04710589259622829,0.03877448709474674,0.04188044695623622,0.03487667055859021,0.03966144734331219,0.03198879509721561,0.0745708994547008
88,0.0883777881975651,0.04018533149444934,0.06393633616069272,0.009862616859025954,0.053328685695350556,0.10770735327979011,0.057865716330937365,0.003009824613206157,0.018252253405794266,0.01297228675989066,0.06296934316755308,0.06287681884944678,0.0022671369697015715,0.07415148321246304,0.179389989531233,0.03837477783298017,0.036372003466985214,0.010865250008152796,0.030001199041812664,0.04723380512296938
89,0.050277534567691975,0.004845185498433245,0.0016111144236083327,0.008859428197271592,0.028340962468443916,0.001322303133445559,0.04208646656182331,0.4149409148745987,0.007652696052473928,0.021690738341133595,0.014655861664046642,0.0011865842323507346,0.0005196623326398429,0.016564929375599693,0.0032439531245190495,0.0033886435313219116,0.024781981125441253,0.22066339146419187,0.06469066098774996,0.0686769880432149
90,0.04995112509654203,0.010658151541360445,0.00145700967429479,0.04684744548126225,0.03427788641499054,0.006529033788946316,0.07992121034709629,0.08688096618032423,0.042900834871892134,0.014637417842771453,0.030803548960413065,0.05265544698417134,0.0006273812138494787,0.0027605070793061933,0.13538967541287728,0.018473839530930534,0.024496237121621155,0.08342892163066484,0.022950370076808037,0.2543529907498776
91,0.2509692112558631,0.0335657348847032,0.027804010037812507,0.06528103070852001,0.0007726596568040525,0.013712049973183404,0.016425566577707867,0.02741185105416958,0.000914776440979,0.07629659252370656,0.021685632590209936,0.01295764388442886,0.002701257674804232,0.07672489808676843,0.00023759296435518478,0.06511919992838953,0.11715413724300956,0.08291209381707493,0.059330637765266536,0.04802342293224348
92,0.08581662111649768,0.011298973762950198,0.05673372470970566,0.05546466016936748,0.02583636267349468,0.011366788988143804,0.07419273362493693,0.07804880544111595,0.05052803833186641,0.03382112516222508,0.022098147283894597,0.04589093733986243,0.02870083262377457,0.029946313324967368,0.00840613463535503,0.0286016179540747,0.037543809141516504,0.08395826165397591,0.032257033251263285,0.19948907881101166
93,0.0009555612853358172,0.004534755967008932,0.01370508608273799,0.012002805362423619,0.674097621330322,0.0023732594911025718,0.0022201177069344304,0.034105686105268915,0.003471547256936078,0.022781295980886244,0.08111031105540709,0.0038741607698942267,0.0059724332482199586,0.002332832711137478,0.010199647695326964,0.027173648450817427,0.0015626643277210505,0.004541445771203039,0.06952334981662225,0.023461769584694016
94,0.03351243592121003,0.03812480261509242,0.15010181000880507,0.06269639174350615,0.08932198540191721,0.019533410232625077,0.057315142693845605,0.0017124538986592799,0.005010668053163672,0.009104525688613327,0.05106303206344008,0.18358664965163482,0.0011814165127644108,0.053472576225888586,0.023188120790169967,0.09655334320710882,0.030466942171758597,0.002523648227731331,0.03258230197786902,0.058948342914196525
95,0.17098478933957129,0.06083833032461676,0.0016119101389417663,0.06607616505593758,0.0032086658999209722,0.05621114899224489,0.0003325838161277438,0.08550941047160297,0.0055780702571739576,0.14883776766444706,0.1446202477482186,0.000230963184528575,0.010882114640581668,0.0007486002308530981,0.00037713143464191654,0.045433976785246216,0.08764666528530461,0.10639784801705825,0.0005216819456218321,0.0039519287673602166
96,0.01180739260977093,0.006101552152158964,0.004996935719380715,0.0010702830036497754,0.2602421893739704,0.026278689812219445,0.05323481783545419,0.0006557951430486625,0.0018827092570716335,0.0019062845576085542,0.036300167323216476,0.03521812138648439,0.002308989950514388,0.0056045454671706475,0.0015869879811045492,0.0054260923284677595,0.0014037993561865695,0.0022593134832489827,0.3410369928519615,0.2006783404073114
97,0.05994953474516106,0.00574663312048041,0.13217391019212577,0.02174847118106987,0.008196388788694208,0.028074160647659427,0.057651758695470186,0.013787358931610975,0.045158047816840595,0.00806804212486031,0.07342189042932919,0.0741282248726419,0.0004304628789795998,0.13145013750775983,0.02740558499437732,0.10571363991458912,0.050601549304173876,0.030830439669904963,0.0024180833798381346,0.12304568080443341
98,0.02920493173591917,0.002470855385801769,0.040044775150476865,0.1808669110849723,0.0034995063413793552,0.01773313417496335,0.08731575725798772,0.00660444947742479,0.002617908981436277,0.0860635336854434,0.004305833533122945,0.35608232273146523,0.001059390340123827,0.03858624444251414,0.00020864289767568112,0.07709784807224718,0.033575287532544885,0.01708461382761061,0.004187064151829361,0.011390989195061388
99,0.038585764772065455,0.015625507097001418,0.03963405896032121,0.07148207315207405,0.06142504811865662,0.0328253084776649,0.1371737802409074,0.02017103548620143,0.07445081581554647,0.02080201531390172,0.03934014769212107,0.05364871334391115,0.1025976474769404,0.032539363752419954,0.04072671307758188,0.046932851127853836,0.05963240269627623,0.005673914702199662,0.06643056554477281,0.040302273151582475
100,0.007222381158693583,0.0012467748468413169,0.003476932311041192,0.007069220516562498,0.08014113333348055,0.00042269469811554854,0.0015683077923654475,0.1492457450323866,0.0034754529158837234,0.0982679195545126,0.5405654264069938,0.0036304310062312893,0.007222306153315137,0.009101080381327942,0.001443116616783341,0.0016776431891728217,0.0023173117920481604,0.07468912889810857,0.006108838015285717,0.0011081553808501325
101,0.23701327208667555,0.02011988394384685,0.03587487399629674,0.011381616030360085,0.0078872650902972,0.007706781244280303,0.0024218618530199394,0.2713524344657234,0.00048212070017203407,0.008947492020511117,0.04728401900448358,0.0397915064845998,0.014978968019123639,0.001423296877551912,0.0005119801288053425,0.002138626111594743,0.048211528467931454,0.23725091846493454,0.004294003585071136,0.0009275514247207064
102,0.033715144193259036,0.00433198851308621,0.11116071563679578,0.0887046058109302,0.14221494008421798,0.020774242581426103,0.03544764073354062,0.03102888773917146,0.0059501761589144265,0.028933270721513093,0.08561285469278687,0.076493047551766,0.017953712979742815,0.04198469715719037,0.024001437616600143,0.04082992329483162,0.05318421990902256,0.03717804885939871,0.09729475880686916,0.023205686958936673
103,0.10498904211262115,0.0024441649467081632,0.053205097761527834,0.12585201452181174,0.025576368197386914,0.059203259037488236,0.04779354537408622,0.00865558833242617,0.023882222823046743,0.011725723277890562,0.10059568218621266,0.027122321721449558,0.0010979975908657533,0.18963734854311723,0.012168359902312104,0.09187231472414002,0.049785329903482965,0.01883586135452894,0.01586416508807134,0.029693592600825488
104,0.05918546415866499,0.0050558495516141375,0.0018246218650997945,0.0034963706415354063,0.029837246205208324,0.0003622635464177648,0.009537058776140936,0.12678039024117732,0.0017937564785376686,0.37684973213224077,0.19941105817650004,0.001132289917000806,0.00034568260284253835,0.005733990394780911,0.00010754124407771288,0.0007500557586046725,0.056940041793571684,0.08937936777483713,0.002648106957090175,0.02882911178405724
105,0.0723118284525486,0.005505910214243397,0.009266039871413233,0.01390846816039474,0.013343288505104672,0.011413632087990492,0.17971579307006888,0.010200058882899996,0.04409252245120882,0.055756413247041815,0.031389779971450114,0.21302794573940104,0.0003460499270386375,0.10225344468640642,0.04910973229115113,0.04996023995882997,0.017970428792923737,0.0014007950473173378,0.11069680716330782,0.00833082147925897
106,0.05052606112486942,0.020279270524598624,0.08790539481269317,0.09581416557028902,0.09467054165499539,0.025807427330445342,0.019459074965983352,0.044189554609267205,0.02269924739715186,0.07622843175732878,0.05121013702029845,0.03717238632586927,4.9439034151682634e-05,0.035209202426764875,0.010206796280358758,0.04357778160789131,0.054753823358653024,0.09212905841815822,0.10279527116095412,0.03531693461927823
107,0.006957911857611583,0.002702863678995844,0.6878377615627529,0.034819702825361926,0.0010036129965761151,0.019654575404160584,0.013727446584496523,0.0012189070080138933,0.0008424204744437355,0.006083662926858624,0.007626570746678687,0.013866108645804755,0.002158719265278827,0.00523346647035863,0.0008331008144298228,0.035094563952838574,0.14919065563158868,0.003860442898261684,0.004294775020446736,0.002992731235041791
108,0.14663520332369792,0.03670166361211399,0.005007451352073144,0.0013554718661714076,0.03235372394440682,0.0002825441543903854,0.051421429084534724,0.26146659562700836,0.0037587938003761836,0.031106169185066625,0.07881696592641387,0.014003705411327037,0.0009174103868396836,0.026919176750623112,0.007505291199660185,0.07707822205485051,0.07792956196535003,0.12644857911874838,0.013244851480508331,0.007047189755839335
109,0.009639723178518531,0.014849374667328842,0.061649624409889546,0.07611480510133495,0.009582291452305318,0.007473980318466904,0.053047741474096854,0.04829829140384541,0.015036288542732106,0.1677133103797135,0.06077485914378645,0.08818004086216419,0.0037102465892288553,0.2111755549271151,0.020705279616277588,0.012584424879744451,0.01390500016962734,0.09040588757205444,0.0050872930921428625,0.03006598221962682
110,0.058373288889480665,0.0243445822969174,0.05397997995717818,0.05102689206593235,0.08563206869640276,0.057905458247635315,0.0875614832289702,0.012534334245057087,0.04011068938441209,0.016219811847383112,0.019023045350749293,0.10728831740471917,0.00069861165294589,0.05661891711278042,0.045685767474604747,0.07195380638387057,0.08878207021659748,0.02489637737469737,0.03819941530702685,0.05916508286263923
111,0.01598797577767909,0.019143236822467647,0.00782589790269946,0.00996346939801829,0.0020051603444260473,0.0018761765716200885,0.14383626359379273,0.2459369804384267,0.006717393060416833,0.21416508924629238,0.032455721896018454,0.001705925068115459,0.000986515253691136,0.13176850997336947,0.0003684831371079768,0.002219657614238294,0.055474979978639136,0.09735963184775163,0.007909866503841527,0.0022930655713876364
112,0.04699830135318468,0.005645009008501848,0.0013247206298101194,0.0014132366425864545,0.25428699411757527,0.007765045622604925,0.013444387972823865,0.006090647679879994,0.000763311260784948,0.0027720446306823405,0.1901561137463627,0.010451049843708244,0.0004122933390153801,0.07031966168910239,0.0005646267288010591,0.052082520622698386,0.08110121583143211,0.07640636919329748,0.07416376262609269,0.10383868746105505
113,0.08285018714805341,0.0006617675770365824,0.06730670071473248,0.12113816570156924,0.01441812920666675,0.07497943848844832,0.06454448259217428,0.0014849508877380242,0.008255283199409087,0.014455092345051265,0.13459675885322864,0.0019419410415334043,0.00019709713805176097,0.1116799579942826,0.006896079847020743,0.09875281450168136,0.17345106005150548,0.005373180772442763,0.007935716882162916,0.009081195057210785
114,0.11534264519382094,0.0354006150376233,0.1112496630192748,0.33547619161348335,0.01065468198378781,0.010847694462047657,0.026649315025654794,0.029217547120733194,0.021881510338847228,0.00430620028618554,0.022824193675873804,0.038819997924295725,0.00039790285836538186,0.08003896408704027,0.03271111376531769,0.019293107284458454,0.016508959807152123,0.012409686900348459,0.03727255629960822,0.03869745331608132
115,0.3149885020793221,0.0026011361278066463,0.0015245153695526697,0.005155621614186305,0.08932429359683242,0.022547918011896803,0.013294374152375093,0.01258887670002476,0.0018240261504574773,0.005331035737044959,0.2695373197830355,0.004922753797820835,0.000255539435073253,0.021457290140885214,0.03156307791193231,0.14500643961186344,0.02179379513722674,0.015540516352109316,0.005978728221381947,0.014764240069172364
116,0.015203531380932264,0.00463413839859352,0.0023435821686427273,0.005018188597268572,0.009694637391525643,0.0019438002022716765,0.0021226774464853985,0.04890723147980938,0.044661329808346924,0.5815905674632295,0.11527848866396218,0.014852457130098721,0.001019968087128217,0.023521274377282818,0.002449904766220134,0.013707976620622214,0.05897732113041123,0.01419144171228804,0.011960324924230251,0.027921158250650398
117,0.06484862085539345,0.018231893094007228,0.11919505183225221,0.2164715813175784,0.02321643433002241,0.08934532630777343,0.027293972992643353,0.009494099952844727,0.047716205927063535,0.0447032224259433,0.02534909734265781,0.00882309845830055,0.00032203787162659464,0.040627268126077934,0.038207739167575354,0.10160656855272215,0.028290369083449955,0.028114808788413263,0.04030472050444248,0.027837883069211908
118,0.07316857545006751,0.004267236244586048,0.001242646446320095,0.023508428435887796,0.08127213271244337,0.015587117866824655,0.000611459083205354,0.03670816686524073,0.00011433491577986488,0.0009395312537116141,0.07567182036413252,0.001199183583186228,0.08668901142641154,0.1550505224410232,0.00036815725289789764,0.1672523362482979,0.08078879352220084,0.10551468793409924,0.025418556194935413,0.06462730175874806
119,0.20113375826405108,0.2932434128029432,0.002753858801887002,0.010597941848526603,0.013290869691739163,0.002760778811847346,0.06081257498542261,0.007116824311475791,0.0056556772582500294,0.015225875701024143,0.07263798883361582,0.018352679156371916,0.0005363012518189811,0.10189645990201604,0.022607495735680477,0.03489453165064763,0.006330472581179941,0.026612002190916625,0.06082767515969989,0.04271282106088575
120,0.036923036784017295,0.019838405501751852,0.01941449859011441,0.05023407911738802,0.007778594678137648,0.04217643775630142,0.008321650676646314,0.02510366969592053,0.02280875767134027,0.1771214034998899,0.05814349328620621,0.0025126118916272105,0.0022397493023336035,0.043162468332461804,0.01318730270664823,0.012145600154684515,0.198247655236957,0.24495603892047027,0.01159020161115132,0.004094344585952262
121,0.018532530269766704,0.12600346907809892,0.0015555691160779796,0.07263520896801874,0.002696537701592968,0.022670665368779475,0.01454485603041644,0.026482511524616358,0.11923114440107226,0.013829745751863569,0.008562953294035506,0.18158076182379843,0.029898565801468397,0.04060728060624639,0.03278597640455784,0.20636221595451334,0.018400494892039914,0.05929558242453102,0.0012673587841298443,0.003056571804376103
122,0.004553733432016843,0.002199928936352579,0.0008225582307409282,0.0010681814152594508,0.003285737762339481,0.004670336596073293,0.002562113286068124,0.01784585373686138,0.001280328550906732,0.9195589190954413,0.006892750647851406,0.004057904363541187,0.0007927880769921248,0.0015747782204704344,0.0012675705453052757,0.0005423245082099364,0.01085000339688232,0.012189321969374063,0.003200157285135205,0.0007847099441779049
123,0.06794948411133009,0.008497123767941558,0.009088148399256058,0.1566550552881527,0.009402060451119371,0.08233980197309607,0.09759955445170473,0.011708384262373694,0.027592780591411924,0.03157218425618736,0.04423033110325615,0.05325060594395132,0.0044616226865807585,0.006096172747849415,0.028493384945939924,0.12903980265316392,0.17519946518417062,0.0072949278288743195,0.02555892677125486,0.0239701825823851
124,0.01919439190238519,0.010236311381494766,0.16870812029367468,0.09489600325391005,0.007522921545230537,0.11903195584618434,0.02626424874380129,0.013217933742254424,0.00345616105648317,0.01067659790741726,0.023210582000461215,0.15984271416254722,0.06561556721904696,0.11274897024860754,0.009082653988279215,0.06332037864809102,0.035235241560285756,0.0395092052496201,0.015648452814309533,0.0025815884359159276
125,0.013684381425154669,0.017394012503610688,0.007754361610525613,0.001982800283789007,0.00438718361949174,0.0011647338581417454,0.024518271567882853,0.03238853282113133,0.00638137311083134,0.8231151990796636,0.03679433401190725,0.0011866028508033047,0.0012439464789504486,0.001062344690791235,0.0027295221529456894,0.003780515414427953,0.0030589973748974078,0.004038108124163543,0.005091424002018485,0.00824335501887218
