site,A,C,D,E,F,G,H,I,K,L,M,N,P,Q,R,S,T,V,W,Y
31,0.1609984112424623,0.044197759429019205,0.05126507345331674,0.047925399988916824,0.04623099776691168,0.0434677629287875,0.04563481602232813,0.05635432667413978,0.04891839773271338,0.04617247620498701,0.046523589254650576,0.05040267377061631,0.05362966209154544,0.04147732629167699,0.03992540707298629,0.042769772726070826,0.00956510780748491,0.03157896406245307,0.053611824047842115,0.03935025143109089
32,0.06156431756432025,0.07879308566530287,0.10823772841759183,0.1347119826701605,0.0014631355616621792,0.22978363694552958,0.016356115251887172,0.00960594450516149,0.010369348543744179,0.005624553244245526,0.027138315202795565,0.005098074648175734,0.02110707294701852,0.06668752644884021,0.008216653671692034,0.17956009487837388,0.0029644618251271943,0.006753510139824036,0.018453800354861792,0.007510641513685281
33,0.05548553708677013,0.07500277887319519,0.1753825354729846,0.03704231813575867,0.005834883481320858,0.03130188273060187,0.02147294294033606,0.002799252703237967,0.08355963807702871,0.003049457775443065,0.02277703353102472,0.14729762627741724,0.0023108060642261746,0.12703786379771007,0.05314455995622003,0.06991343311676115,0.05892802560235768,0.00415567995454811,0.014564511801046773,0.008939232622010868
34,0.01787944628804411,0.004358597643881185,0.032235573255383926,0.07067722572119492,0.05603254070240215,0.0231898606825495,0.002395821682018525,0.04845804766826154,0.00873690170614093,0.1737983467094123,0.02710649541898114,0.020739811972309112,0.011563932719920036,0.035264731122838934,0.09327304763591171,0.014446972249612252,0.23366689906815818,0.009658568778019204,0.03369709042912701,0.08282008854583352
35,0.0003878534280705232,0.006744070076347432,0.004724255154544035,0.0032132169536488813,0.04450205457467596,0.004608475749652756,0.004863298072542923,0.00767183359862889,0.0028421323098048387,0.001677503036670005,0.011240848879486757,0.0071848745995105046,0.006952228715843895,0.006935123024928878,0.018419667782549658,0.0014983459150856864,0.016540249027493563,0.007896697022586309,0.5364404122868255,0.30565685979110296
36,0.013831830391546241,0.010755223571011966,0.006335340379012123,0.003405787879190776,0.006330506674173395,0.008361541209222653,0.006593223028538537,0.011718642668401263,0.008253088830884846,0.00413491467502107,0.005888207693271517,0.011455194134803259,0.009309035685522413,0.002862962928728784,0.0028529125971368577,0.011439793460725784,0.23474464900085887,0.6320734912712337,0.006346638927505017,0.0033070149932109003
37,0.006768731480430116,0.016952958532304024,0.005092947842834789,0.004414873312767887,0.00946609356731228,0.0279615003497285,0.005672374018059688,0.021481987945056596,0.018187747381152267,0.012060995231541532,0.0066290586107691585,0.021611146958699496,0.014743097748384294,0.002210963499690234,0.01616270757189338,0.053030742384520956,0.7178639959687255,0.006741107646307271,0.023308566996754477,0.009638402953067535
38,0.011119077265897238,0.012304795128532978,0.0028802457733390495,0.002410888766412699,0.01253044291242498,0.004850888466796321,0.012861208839127839,0.0674577251374593,0.011565368704664793,0.004750809313224078,0.007372211198219767,0.03435656478957009,0.008981932262298035,0.06984921558708188,0.01153442840704219,0.014588884620844865,0.002930527089377157,0.6910479787301329,0.012902332558261754,0.0037044744492919293
39,0.004207777800933007,0.005927042357006209,0.009846791857170328,0.004664031055936448,0.1615935672514091,0.01158263746225238,0.005251048871154487,0.002672153785883259,0.011108368728928081,0.003146678162189905,0.015342836855910343,0.0037863018557012826,0.03409543585515492,0.011300074962327855,0.003444694147287335,0.009945445955165342,0.006613779502786783,0.0026546888361183283,0.032130199061053154,0.6606864456356314
40,0.009539304765584549,0.01008689611382639,0.023944170795962397,0.014305305985467368,0.028053815302063034,0.0030638794327225473,0.0037579820721944848,0.0010236635313970856,0.0026387536824886613,0.0030367108295814692,0.014985989693631676,0.009178014771667038,0.005676970349581629,0.004101630838085752,0.0022336147013101567,0.002392356600597333,0.04067643918185343,0.030374700095546818,0.012508272318600423,0.7784215289378377
41,0.009547159102176649,0.011822592913556005,0.00406271204722768,0.012318901318896618,0.010022731681734303,0.8214646589343104,0.032579244619719804,0.0025701731213955835,0.004343415059755899,0.004453540571171461,0.012916005246773611,0.007890539065003577,0.0032037829256487014,0.004748156092263061,0.006900592128771958,0.014003028225282212,0.007448148562323471,0.005140789654542162,0.014532331294647177,0.010031497434799697
42,0.10603531058940656,0.029725559127108815,0.013304938116937495,0.06233371678801976,0.0107553736095225,0.0034549389417522576,0.006065894540619612,0.08016314587168996,0.002293927278703789,0.0034099505817587403,0.012118419303497803,0.015481921792735947,0.0054170292701063456,0.0060112364199635514,0.0049819623347198356,0.003775985004829061,0.010223580694819235,0.6070057846655502,0.012641522040248012,0.004799803028010404
43,0.0022368939415109913,0.018418802097044894,0.020152901152689553,0.002228114232180764,0.02613935742804732,0.03403064492287833,0.006295661243088567,0.019304743046120315,0.004580128837411752,0.002175085852857999,0.009477454064132855,0.0011200500457135545,0.779386386299028,0.022919024719361393,0.003675147250994067,0.017834057603418947,0.005660562139203684,0.008198282726271103,0.009838834256640934,0.006327868141405027
44,0.02805274617819637,0.05983545648251217,0.003589426069016656,0.004433298042554299,0.002615656779747216,0.0008722874772149784,0.0005263186248530201,0.07260833728838405,0.2640079824121927,0.005253806935992153,0.00854493736517192,0.011606478710018305,0.003622770438541261,0.03087432373096727,0.00869050952737776,0.053137947828913755,0.0037085134151686504,0.42987072005496313,0.004961546823126593,0.0031869358150877396
45,0.021198283920557618,0.0050464984760570895,0.006377428300172288,0.00467087994179106,0.21655678871426695,0.002712735942421041,0.0020402198228755193,0.0208642412079148,0.010019614427378701,0.003153395366898121,0.005412410024081349,0.003925026908221224,0.006667979217062988,0.05836460590566488,0.003430581643901151,0.009405620643554831,0.0036955243371089744,0.005424051000705064,0.4291133303487412,0.18192078385062507
46,0.10621428508871741,0.13436497128115074,0.006994641962917915,0.025856541812056853,0.02154719929385264,0.013569375224889942,0.1734114570360173,0.025738184840851674,0.09514166020266726,0.034692413580071496,0.0192018813227197,0.04780119057734442,0.014504744612675712,0.057286298895983204,0.017158626760659573,0.0335467334267673,0.03081219369167109,0.03631481828801799,0.0029002992512032165,0.10294248284976458
47,0.0684755594346492,0.0028884753717390264,0.24392295123444185,0.1912013851710008,0.017788377896784967,0.005471555523588905,0.04561537621723583,0.006206487281660555,0.001956292147753138,0.0016756984362444902,0.005823068041907954,0.006386305964217701,0.2635066055637039,0.01066499491741461,0.006388450683278074,0.05163952210521558,0.025213079403219887,0.018078272038436982,0.01162680843558933,0.015470734131917319
48,0.15699138389983408,0.06247154860756047,0.06763281587067355,0.027321970566162448,0.02644089371066368,0.1569552663516275,0.03516120390394783,0.027554819966042043,0.0017911860952100655,0.0012772321909610624,0.018444741020336754,0.0040857224225174845,0.0017341674213633244,0.009286513505434742,0.0017342459303425987,0.06089909030243641,0.1780604157627019,0.020465600950640154,0.134398092546868,0.007293088974675897
49,0.04505810535338206,0.020402430337487797,0.14555357368898933,0.06219162486183239,0.03890314106167361,0.010449434163036403,0.04092963441026668,0.02655352474662953,0.02023144109803356,0.01588541134902681,0.13710233544686387,0.010990507828588559,0.002860267915740418,0.09354578855186808,0.022743502019793065,0.06255026544899388,0.07811425089275734,0.10912339488703722,0.0386354780872826,0.018175887850716964
50,0.08343301014089997,0.09967370527483978,0.008085852894897104,0.027265359745627462,0.016038690218704233,0.03117012745201961,0.003727987142717712,0.02501304207801897,0.00919851386524747,0.015401855861682285,0.01693511712075994,0.007774112419025595,0.10242527243750645,0.004241138100607332,0.004648007735664046,0.10731254302679877,0.27861575726130566,0.14025043785690908,0.0070172402578796336,0.011772229108888909
51,0.018534514369421412,0.03804782028892154,0.06178553715788632,0.045951283660865885,0.00706082449424368,0.02863820455324142,0.026426227789102353,0.13671544459875293,0.005757063659723067,0.030053920021844437,0.023346847049045716,0.004201834187893297,0.03947905396203245,0.03879119692540554,0.0018748447312681611,0.022518069993609238,0.08320452554504415,0.3219879282964394,0.05492722224382148,0.010697636471437497
52,0.005913263159565069,0.07663790331972781,0.03713484785278458,0.014727278654843155,0.015882079997063567,0.03430740729480054,0.017460300767621968,0.042266232983234814,0.004556441928067754,0.6161721800969098,0.027640707138213854,0.01609256156478445,0.005781068249902758,0.013525464369097769,0.0066227659271646975,0.005030194570118906,0.004474919515599601,0.03023511406998727,0.010438938988452454,0.015100329552059278
53,0.004669138314404873,0.033935241255221266,0.002339988389006892,0.01771569044242263,0.3979028906026921,0.009700188968998737,0.031866965464500595,0.02589229212233758,0.018928691261408274,0.035815345053598055,0.06538289127202027,0.020506692473173566,0.008003985840974963,0.00947821579794137,0.013076944360912404,0.04981280143334661,0.036460552697828545,0.045478163626604874,0.06631610548867245,0.10671721513393387
54,0.01082096216603306,0.8093117063925797,0.009789172481102833,0.026085887754869308,0.04378112529445486,0.0024916321474321226,0.0064429510529364475,0.020386610624565198,0.008546355312390997,0.0036534315066743825,0.0033663595716397162,0.011182228723844697,0.002231071476771754,0.005566455427827604,0.006724020518657786,0.005362687370516432,0.004242855664668337,0.0027767722437492316,0.012612265124405362,0.0046254491448802495
55,0.5654582160841938,0.013459492922100323,0.014420191539688964,0.014396136151389571,0.00601376781016568,0.08585092777267625,0.013750003921957868,0.00879061642949235,0.007692044221573301,0.008475241808426763,0.07723430027286417,0.0033114759839675875,0.005090469449672426,0.01235207498951657,0.01892675245940932,0.049405070620251075,0.04705373497824068,0.02076235707757955,0.02439742527145943,0.003159700235374385
56,0.17351674724710167,0.016344987190725184,0.0031573010950755,0.012908171238514067,0.004136041169361459,0.00435623813647554,0.06280007292390442,0.03750351814831954,0.0050608648989963045,0.020954898798982696,0.02114701585785708,0.05208922575627752,0.006639004482232148,0.01787963294849082,0.03255519770090063,0.12179289649092657,0.0763653828715787,0.2511265379388126,0.01899103601398121,0.06067522909148631
57,0.05364554182997061,0.052287463590832924,0.12782185345230923,0.04574951937034382,0.04209666341666283,0.03232657305512579,0.04802687034660338,0.031588875512109295,0.04044186950021728,0.04947150136103868,0.046137971565541586,0.08651617375560233,0.0543655650832645,0.053885146602306845,0.041821406823967705,0.05797863695330837,0.036255862739671706,0.0479544115227922,0.04140900946633183,0.010219084051999129
58,0.026043929198807343,0.049826544241533696,0.04426000931113441,0.049040785178909356,0.044726258959276295,0.07475075593944863,0.04998776711821173,0.04788135221184855,0.05449766382062584,0.06543244096684395,0.063217394835852,0.05346865484702073,0.024894840671650282,0.06397988765183714,0.06795345707144017,0.05538972399649061,0.02465104172823878,0.05619844194583944,0.035568703635120304,0.048230346669870874
59,0.04913609021274311,0.04246011465060687,0.06843222751217386,0.04059369980796374,0.04570382589888494,0.04130309571465171,0.05839605639125274,0.030163184487171785,0.14318465973252945,0.011178810830215553,0.04804097065328327,0.054037284842146024,0.04316338419821174,0.04940254300328898,0.020425280723755865,0.03983696888754834,0.07062881301549997,0.043279732548569476,0.05643471065419286,0.04419854623530964
60,0.052151525692647145,0.04242917160187199,0.05403701436045651,0.042101217002570766,0.07978495132960822,0.024757033552895543,0.08063570185390095,0.05264662403758538,0.06089297776906702,0.07155876182503389,0.050277857299614766,0.0510522178960712,0.04226807899642924,0.039401832143130894,0.051116728178048104,0.041396042996279775,0.029345114923625484,0.024669947309010395,0.04595797613384963,0.063519225098303
61,0.015095147809221623,0.008911975542590154,0.043985306731015236,0.026950237772500513,0.019696833136820257,0.18367740344146782,0.0844677212382223,0.13718812223238136,0.02518390580175024,0.17449848014945246,0.01845216022960142,0.02563089085823291,0.03223502448247936,0.0331354751914576,0.03403419107266498,0.0032510340345876195,0.03389272371924424,0.03584851985907945,0.03827999809284992,0.025584848604380404
62,0.04738650286741418,0.042018428257117435,0.024681372808862175,0.04555394118227395,0.036347891226355095,0.08150843538913485,0.0739281906665153,0.0099506542484237,0.15335003320165716,0.024281575316696453,0.025357737900330683,0.03362063284538661,0.1486340892009894,0.07024439661737882,0.01126447994488865,0.0234089281163705,0.008810325658184402,0.009473308690987043,0.12510925673823992,0.005069819122793788
63,0.044216932376912405,0.02814387412019489,0.003943251461621832,0.026358927433822923,0.05799917861120162,0.023878339155747053,0.03252612316274011,0.023832001483817644,0.15739131835585962,0.07961434401349755,0.029310244223774606,0.04519646009636639,0.11507912140029171,0.07695559746968111,0.05734949246950124,0.06172027372265949,0.019906714385926377,0.05020738209141631,0.03166888801365329,0.034701535951313874
64,0.0851855422130698,0.03611431400221641,0.05144491137420347,0.023494718957344195,0.023734518321888914,0.06122874845437956,0.06846304945780776,0.003587916463106933,0.009418782569341503,0.006934382805961422,0.04884096249249567,0.05950245994426885,0.02126302687458328,0.03861135088549294,0.024666248756072272,0.13388752849013352,0.12930211380405915,0.020723779862083357,0.039830268160534914,0.11376537611095602
65,0.04073935500607023,0.05706130922644169,0.008567340352887996,0.04163158999314446,0.08429892251890703,0.011553671995028903,0.07932702235631506,0.004950439512204981,0.21804819021987643,0.00912500660034773,0.05082710668374963,0.09862088278353442,0.005592780078036506,0.07400131836450817,0.04993969670538438,0.027899956924664095,0.0575726755519294,0.012357034874647293,0.03377782083356524,0.03410787941875645
66,0.2300111268498688,0.02484880137843465,0.0384121432841271,0.031202140168675983,0.030917979721630375,0.13647516245010102,0.01422058706875086,0.06794487669010621,0.02452580363567909,0.020998209850792933,0.06123121948136079,0.025810545614774357,0.025963295561214104,0.06382109509083815,0.010578079326395508,0.06389084511787278,0.056659552469181994,0.02706848178986731,0.017140604550720716,0.0282794498996075
67,0.010089371979207083,0.04211959380808201,0.042606284337359766,0.022783474489674816,0.033811709110661406,0.018874254317333885,0.01523355630209421,0.018823875741270223,0.004875946923793256,0.002556731936172038,0.015394943014502196,0.21923845910613837,0.10277250379159669,0.07308853540162642,0.013433237800153729,0.14719552734695746,0.142442836672156,0.02873889555451336,0.026569761633444006,0.01935050073326311
68,0.0059928475833647,0.004846536132872589,0.015683944288514922,0.010845859253435591,0.025157611160933718,0.041020594131199246,0.031612103860894115,0.5384373020197064,0.006539513932812403,0.06212921718881152,0.11597968282133769,0.012523197548229899,0.0010255654000427877,0.010935408074525444,0.004988617037351188,0.003767190093420326,0.011166374165000678,0.06041516817256841,0.022847914212344705,0.014085352922633501
69,0.005107278601275934,0.012420279698564681,0.006552439461529173,0.003408882743821503,0.11335602608241901,0.002650004893885687,0.09903954633716888,0.00928808765213756,0.011018384500723946,0.1488996555850044,0.10970664501252754,0.023323742698802837,0.005168233711739585,0.005614157765735896,0.013110812985592102,0.0004866036975216076,0.0031900929025505975,0.005249925252483298,0.2113413993386592,0.21106780107785666
70,0.055383474921476966,0.018270747727778106,0.019974010199661312,0.03187905133809238,0.0992357432839027,0.07924338520797294,0.0495941498773633,0.10220484617098,0.018280469219669377,0.010584922284655704,0.028654994934985124,0.050317281336384745,0.0011102921460358988,0.16386001574885745,0.014464021011611001,0.08631981242418714,0.033581342624114593,0.08180806177086469,0.048651610814568376,0.006581766956838165
71,0.02867949865146653,0.03021162470241548,0.005882321456201528,0.047156838276332554,0.07137433312307556,0.06019447491861742,0.009453358803645692,0.030923675551380307,0.00866624655034046,0.013788177751409976,0.03147670268806025,0.02376939031905984,0.04497777191810604,0.03764463617318051,0.018756278788551576,0.15908458754996857,0.3228704173349741,0.018410768447802723,0.026083643380013205,0.01059525361539765
72,0.014024611641135989,0.028818098292916088,0.027033922104722687,0.05937696493696936,0.012385742521969932,0.03065684702260082,0.2644360505101032,0.009413931343384963,0.021407964457596636,0.019897973690021106,0.05768599595020061,0.03444305164024981,0.08750972769494832,0.024108314442383354,0.05377246574346,0.0563677750986049,0.10742200800783297,0.007591444403267066,0.07505036409338091,0.008596746404251242
73,0.04300079431276896,0.024868864739277734,0.0356479245575287,0.011784719356229162,0.16059314501121064,0.07729510485871617,0.005904696779789645,0.05925659213044064,0.015296805247470286,0.17659678009777732,0.055956255177087626,0.06890564588523689,0.001408490711146108,0.1356533082070756,0.001966965911181896,0.061608332727138726,0.010775468957522738,0.008497799723345738,0.0278450310059948,0.01713727460306077
74,0.017687997979533077,0.6822946828816905,0.005217685234326324,0.03120262368541956,0.011652148062032821,0.006404521224098416,0.004665307145640096,0.015580413672000228,0.05088197899678088,0.005485726960815024,0.01381452539121704,0.04064359609848995,0.00962643994369326,0.009746607946963554,0.0045093393059078175,0.01850709173169779,0.0020206687444164336,0.015048769838936299,0.034781268019422364,0.020228607136918462
75,0.06209318704004478,0.02997004082180771,0.008705254540271058,0.010662804231673569,0.038473768694530446,0.002346066587532956,0.0020224037695558746,0.16586970669331888,0.007770043890352656,0.08218189163174164,0.05050224399997234,0.044450201557609925,0.045404018527652,0.020885338622651413,0.00094071437169045,0.03441463352940148,0.10880534732805933,0.26979256796592205,0.009103727543592547,0.005606038652618921
76,0.14523716218774999,0.0035292661833669844,0.03711570317085453,0.011578079347051417,0.01679598472265394,0.16531989315309142,0.030284504487812794,0.005765488764729797,0.028431858603337117,0.030080661289503544,0.021640950366799343,0.037655710230202685,0.3273296440223252,0.03677448156508548,0.0028592953883613856,0.03579604355018524,0.02162762973987443,0.0038117744601775115,0.016394960083871007,0.02197090868296614
77,0.054299004880210874,0.05250064231847532,0.002175762772004044,0.013476313777305163,0.024867823344158792,0.07132174112514844,0.06048949878160737,0.115462547627347,0.007751392595632025,0.0763681906675673,0.10574790990116649,0.015961697269768895,0.0007225929253738532,0.07386319797076397,0.005522125416523105,0.02918843747376111,0.034390249978482765,0.09696935930352918,0.09662106342829901,0.062300448442875196
78,0.045547053297181755,0.14972089820589574,0.0801624570962814,0.022731228696501966,0.025455218328135857,0.033932766154300895,0.023526966600124693,0.07923773054297387,0.062099393274744466,0.12236607946884641,0.03172190478287376,0.03602006321828185,0.023667938100335573,0.03700184146258646,0.07996189203784798,0.022950856081494206,0.006459241162882871,0.03866825622493567,0.02418955265912298,0.05457866260465167
79,0.07003685148050048,0.011994068864326857,0.013564122258105937,0.017621715437190263,0.12092691635212302,0.026201199690678564,0.033423361774189655,0.040050257310932556,0.02038119216945416,0.04106354583596455,0.03843424420237388,0.03488258322283168,0.0971398332677396,0.18431755630402483,0.015143326684224362,0.03707111715367507,0.0697525055952109,0.0687346911809045,0.042115065522981464,0.01714584569256769
80,0.10459521426747574,0.02491155057351806,0.05869460521441555,0.13338008704129808,0.04874596820753663,0.077865689598382,0.053029497057817475,0.016107539385364626,0.014231664172238834,0.04286647533454479,0.09944453583972208,0.03969309356970126,0.0005061049992250617,0.037234827980653376,0.028931868486706685,0.0388744941079362,0.0030325984996401405,0.015456578383874237,0.12984652878871583,0.032551078491233475
81,0.043453209955752505,0.009604016488397026,0.12649060329623646,0.16089017769996447,0.0379629949220875,0.034770595423199484,0.002301101457072257,0.03208836907193837,0.020923042799934417,0.07819356322151898,0.021188595813697267,0.06863475774365713,0.03444473423142489,0.056058505596562634,0.00896479159034453,0.03895943595276088,0.08131556053239945,0.10052059796518345,0.02350548255939712,0.0197298636784709
82,0.03398412525116558,0.011464597104965467,0.11898121229523279,0.03183416865703668,0.290202384097941,0.020320002891230166,0.018305366569768066,0.08663312368874573,0.0011692877453173731,0.07902655989267537,0.04003412808073368,0.03724387275034417,0.01225068446765365,0.041961337855410244,0.0323450769453611,0.025452710814896626,0.021625688897925526,0.04612241844580046,0.035216988569452747,0.01582626497834349
83,0.11533607914482692,0.012057311869588794,0.1020599262431436,0.5294358250458694,0.012917277796663346,0.012110044569519857,0.001096619584852098,0.0048965770385735385,0.001666054281453339,0.007689917071351361,0.00790200114173195,0.013315403262043285,0.011085136308275732,0.06511915828610786,0.0037456710628310692,0.047227108844167004,0.006721515650922184,0.03134595735845417,0.005153221208856527,0.009119194230767957
84,0.03600885672972808,0.05301768780349102,0.03900460763601435,0.03376387851719536,0.018837743887942713,0.029804402856466933,0.08978396301980897,0.08383681240089032,0.0127084728855682,0.023980212517814008,0.07094053261379758,0.003565464031522066,0.004305008616387799,0.07605668889945737,0.04093471100757488,0.05106839085496182,0.06968588123328523,0.10993410820549324,0.11326639598037526,0.039496180302224786
85,0.03584325351214425,0.11455527637205601,0.0027814091351689666,0.021996305602955492,0.043291706335016576,0.01630524814270667,0.11303513477902973,0.09916822114893495,0.0033694605441861756,0.03765227588939245,0.02373608402452025,0.04705770510362093,0.04595039535279611,0.05950548640318777,0.07933903923399827,0.06373752481818025,0.022860900331858298,0.07512481071380625,0.023448543893169322,0.07124121866327138
86,0.0110046891450314,0.11805517876564132,0.030933862514565577,0.004409189525431814,0.01199108772995541,0.006654296286629266,0.014263198248464778,0.20020778823900234,0.005053412861322271,0.31217250828434634,0.10301913444263444,0.011476691556910513,0.006915399171175879,0.05277067950816859,0.0032720987697190717,0.011241028379542368,0.009735642915334448,0.0647774018046259,0.017985076233342525,0.004061635618155516
87,0.08245941202502881,0.01537397023222369,0.011411984328615869,0.05093174850471682,0.06590312577852821,0.006717863678159879,0.029245834196599603,0.007438880401651442,0.029647510440696353,0.08934792490635485,0.048507710268964534,0.015567450183736035,0.045423063811133174,0.022002795386738275,0.04472730630683472,0.34060153240040275,0.021651674947094697,0.031883511907314095,0.012274591365127653,0.028882108930078417
88,0.1593085074481049,0.021811510789077622,0.024932044340519828,0.0542282942421352,0.03205165493112197,0.10453291721500378,0.15981917851622865,0.03637367106410975,0.029063475812564424,0.01931132353594143,0.017432621283480835,0.13527014601785728,0.034886144029080454,0.016474088078717898,0.07729399332980702,0.01753822972471443,0.0053160249737952935,0.009740075418504643,0.023110382521414174,0.021505716727820357
89,0.007146035857196561,0.005373408835245971,0.00531593967316782,0.003794793873427576,0.02022745385162475,0.006102097997314073,0.07519580009246661,0.06989899016587736,0.008733953669834014,0.10130532311549412,0.02910868242474138,0.0068772928657001575,0.007936573126135953,0.016956200272481924,0.029310557455608205,0.0056391763101374184,0.04380375892893389,0.5218066736794762,0.017753990774252625,0.017713297030883292
90,0.07520855669761387,0.025758901701274935,0.07125561626829266,0.07666168526360297,0.04071089080195089,0.05646644129188994,0.02052841907515302,0.027190378554453408,0.08137013159269905,0.038211933379082325,0.023211668421561277,0.01859313743752888,0.0021363791824196604,0.05884054222236733,0.14854333714065715,0.044862672574360746,0.0932078846798729,0.01549866920891899,0.0702920338629839,0.01145072064331641
91,0.13755944123586597,0.02534272748380996,0.013442843602336933,0.17425354422917522,0.023728451931151688,0.005060308691429714,0.004536170561897982,0.014793122751008941,0.005814605128712015,0.005787792801984796,0.02555889757728203,0.0034629994894187976,0.003942266910798893,0.0622819272965632,0.010195993619438938,0.19251735077419094,0.11667753715669968,0.05771821740390556,0.04602970967032128,0.07129609168400743
92,0.025243490470278074,0.03751902012978449,0.04126677500455585,0.037998731528909355,0.09021005042839975,0.011233921500774796,0.09785423720055174,0.03290333837680884,0.10878983528756878,0.028042565977849217,0.06731838239358444,0.060373964227371686,0.10206067925464989,0.10755750052717081,0.026215290504458987,0.026032129274852628,0.024526789585665336,0.017129928403931762,0.04066842628452807,0.017054943638305516
93,0.0027043252644699356,0.08577696556087966,0.01900840531497626,0.011851945779166732,0.5926725217016395,0.011967040110227076,0.009214608153506224,0.01556735580048662,0.010550211975452976,0.04711212698680245,0.05946806192594762,0.025156733855129877,0.015460903266555423,0.010622012189635358,0.006652914171638018,0.030036159029772705,0.003947503789483433,0.011823384262683657,0.011486853675661947,0.018919967185884533
94,0.04598242212628638,0.0177899213175304,0.03441450736170328,0.13349882270427899,0.06645056950944973,0.048276211010585164,0.048422936622190695,0.017018453959995426,0.03229928931516817,0.02427433600191051,0.03427321550381595,0.1944651129717434,0.01057040289326178,0.054252569384498295,0.017099572416122377,0.10302721977873415,0.07140855878874519,0.005679854098607685,0.015897091481462254,0.024898932753910162
95,0.04893137257321487,0.2546326289913742,0.0025536446806801527,0.017345632661331933,0.03878953825635788,0.04086815634777188,0.06717610910148511,0.029537203211863483,0.016745675450093114,0.08146997847529477,0.13546088881383364,0.0018024681329300558,0.00648428793981409,0.0002899116998961578,0.0031200934547313515,0.08947731835701418,0.04167722611327733,0.11020732585728209,0.003908121315741861,0.00952241856601191
96,0.03238822551841363,0.0024884494701955385,0.03441339351341696,0.01720504909951477,0.16290357390212165,0.009122973290450512,0.09805986776919683,0.016147850895234343,0.00560334406809659,0.00564268486108523,0.02554012553890094,0.0038515996752592724,0.052661088832018435,0.015633897088185023,0.011631547960296579,0.001412288457610241,0.0015078524430105998,0.04170433840327713,0.40561719312512085,0.056464656088594946
97,0.08875845454602287,0.065797913121125,0.04343321059708684,0.035287652770594154,0.036202788656873625,0.03445637984177441,0.1282321912281184,0.034280698003417216,0.06396293018323573,0.028446127187321753,0.02715006840309161,0.019537577764109904,0.0021536992831604936,0.0163280621579335,0.11017364280253739,0.08424924837766444,0.00819810846044984,0.12412401313145219,0.008933475915230879,0.04029375756879987
98,0.012927433481595745,0.040482658344127294,0.08311664752168184,0.017857093404494907,0.004449976090942285,0.012539999684595909,0.07529136687482614,0.016026794757755484,0.009006352608867115,0.0588573711330757,0.020684367944189843,0.41801272444220433,0.027340357709084214,0.004126332550178408,0.001244132443709464,0.14993392729413144,0.018130525535152753,0.004522345686947999,0.007294891383232756,0.018154701109206448
99,0.011355266360505843,0.010775951949504956,0.02318632955231494,0.02805454890974679,0.07764663943168407,0.08158379460282551,0.12463087115359629,0.02748192828310559,0.0727317833055797,0.01612462297520114,0.012560555930490191,0.03387808935292251,0.07359016710137975,0.059942417886878874,0.18488990157970214,0.021122762607492004,0.008388324722005073,0.012659530289748493,0.1080659908941793,0.011330523111136925
100,0.011116370248611621,0.011296243182906009,0.006850024470323192,0.03626288314640946,0.06352816057232705,0.017789697438389273,0.0045961899439908305,0.009827142217048997,0.008504403591045344,0.15254116174593674,0.5513050912433746,0.009914876083214,0.00494433013508667,0.004983016012246243,0.0034648392107156957,0.012747944059212866,0.008741315532366912,0.06249545016072299,0.004407812852167446,0.014683048153904211
101,0.05403654939119085,0.07012288586179075,0.018713098466591895,0.022694475440434896,0.011545665353467901,0.023327262254154303,0.0027554211431256065,0.0341499669046455,0.01070224483381177,0.03507001058170293,0.02135945690071997,0.011289726529768911,0.03154661252015179,0.01825430953171727,0.012280964005667338,0.04917331230865198,0.017531951595763453,0.5081005650017049,0.023855928038170864,0.023489593336767107
102,0.01756670546287081,0.020571466156873587,0.048706280145234995,0.1151247102815399,0.006850265978387158,0.008470310279973758,0.11869003531153681,0.04435737322416377,0.042564945285278044,0.18667414686401865,0.01640289528358456,0.035165993197166526,0.032951170869101105,0.05387403679140632,0.04446297332506747,0.0417757469811764,0.020027599280339887,0.006454013657114974,0.05344877777931629,0.08586055384584887
103,0.11858591373666907,0.01849997152190598,0.08698908462101893,0.072076050142327,0.018439524191393213,0.025133785439341035,0.010076302368532904,0.019160967046513048,0.0031925741641726227,0.01703887579990536,0.04238346907448646,0.10213795175429019,0.001688990962154172,0.3081610822619767,0.009635800212599252,0.01762268845047494,0.07910250031645572,0.005505385013252142,0.023770985605862525,0.02079809731666852
104,0.026093604828872952,0.012196218137496636,0.01561508132059916,0.01386900307371036,0.25249515765323516,0.00780810216619171,0.0025931924813615793,0.0029585443876217923,0.03230767413024843,0.08822014332347888,0.3741131999770618,0.008196175163091549,0.001224366452908925,0.013028402045394806,0.01321174252782758,0.0024478485880637417,0.006328838395609588,0.02294142861164867,0.022177999145107687,0.08217327759046905
105,0.0399782708472785,0.01356294916330021,0.05374223007985682,0.17333033821478636,0.0566313865157552,0.004652727239703548,0.10325830915281657,0.013508476068506225,0.045539753428790714,0.050643004502313585,0.0926558476267627,0.038759482386032544,0.00024163828036910477,0.06323877358224302,0.03657357176117916,0.0263318519845273,0.008740986476074184,0.03564463021366988,0.05467022041395747,0.08829555206207691
106,0.011548137659294173,0.020874586894023103,0.02979203883725572,0.04647912187301334,0.036248182342049524,0.04790865010325617,0.022272446223419614,0.020838722358716495,0.018192429514247207,0.05093064288523318,0.14010041060534154,0.06191734077790618,0.0007313594121856362,0.06138074810458297,0.019104149199719454,0.032243350522583925,0.04400044829267339,0.037548719477237466,0.07700086349924437,0.22088765141801658
107,0.0017635903653544596,0.011632191333707879,0.7508387302879709,0.06728297300461633,0.003959035785833883,0.01706975614211599,0.011060838950759615,0.005152029581565105,0.005868435766581072,0.006005986184364697,0.013009606720567021,0.02635077968660798,0.0035703179330079503,0.028835810387718812,0.012784456621212963,0.004468073214734435,0.006610598483217125,0.007921664029314992,0.01249058062995915,0.0033245448907896946
108,0.05031948204128583,0.01483423621279528,0.021025341899706732,0.002710344658938528,0.07873921851150067,0.003192415176569477,0.0060749786248013,0.2761784128177976,0.005064577651353765,0.21161154625004475,0.012059153409523281,0.0034917627746734567,0.0015363825850698077,0.04540878083007209,0.018986636434940807,0.0045417602588265025,0.16692310296647292,0.05353575272600292,0.004841996416280684,0.018924117753343794
109,0.0024563761556033355,0.013339947642013093,0.023378304987100737,0.10693389455480813,0.006897631720217989,0.005784501486944091,0.00419006032313727,0.20244326386815806,0.020238082732856332,0.2688921885419187,0.09745547376308575,0.050890921911618044,0.0030947860842352013,0.0320699373310664,0.039442687379910434,0.005874082988497972,0.02282105513840056,0.06960623830161405,0.014730888489310253,0.009459676599503477
110,0.178391521279164,0.018144681471724426,0.08190969245077451,0.09228407095460373,0.03071860598050892,0.06800045341363538,0.030945364691518963,0.02486230861741803,0.009249332014196553,0.014593543229162552,0.08067054122685072,0.17882228662624122,0.0005386535968896138,0.009201315851651681,0.008401084185834025,0.07165779611185144,0.0523919300197181,0.0056420870771412895,0.0042565840719074625,0.03931814712920751
111,0.147296938169868,0.11775425109271793,0.006749922345072978,0.012177415686249232,0.017758157428008733,0.01177609924428879,0.07431581516311504,0.011371145705059716,0.10062618483398653,0.20815819597829158,0.008570209246077968,0.017161450011987264,0.01342025389719629,0.0420583584056017,0.003655262767802858,0.026453276393893718,0.04146094421108171,0.10240214064160627,0.012780997059782773,0.02405298171831073
112,0.011148341374567933,0.006910046121217195,0.006228349333648232,0.0019017272944756652,0.29760648744163604,0.002786659516041324,0.009544829245808881,0.03289722248374058,0.015058812533877737,0.020666863702351476,0.005073427022783502,0.015414500552201902,0.0010307643490832926,0.005465982912048692,0.01909661407027802,0.010830317831477308,0.01296959516567002,0.023247888441820325,0.4727617252514236,0.029359845355848072
113,0.015338561849571242,0.005169687348746264,0.37626505456791204,0.11942236526062007,0.12389022519774093,0.0021384105922311117,0.027500084513759106,0.013902309006710687,0.03309973193547353,0.0035587021824906974,0.02222674806409497,0.015012919903838049,0.006363209426374303,0.06892643129707736,0.02084033618079551,0.01857286874900992,0.02009020812999707,0.010296441835276839,0.012170887601625109,0.08521481635665516
114,0.05389249188815433,0.04607142465420403,0.12626278844473418,0.2820554262830677,0.0647348401990482,0.003999831620631285,0.009622224524419612,0.018038844664199638,0.022339869524664796,0.014332965174233124,0.023775175317301996,0.1698465936726114,0.0002972651421790544,0.07613250890081376,0.0008727398474072533,0.017243549009207177,0.02266979316501693,0.009507648387703424,0.01013108852598962,0.028172931054412487
115,0.2961085391995748,0.0033259617815256442,0.009058450627569412,0.11090136209234197,0.03364498844759305,0.10952054209587753,0.009141994716255031,0.020803489433163267,0.007846705797840796,0.0005569293362114235,0.05582573018767002,0.0014123472056500473,0.00163103399439928,0.0524448517554658,0.011069626085680908,0.04901565253945064,0.182317605990583,0.020002355132639933,0.018452668077264808,0.006919165503242675
116,0.009990689794208812,0.01053903741575184,0.019896246014601358,0.010570600430368863,0.022294318498787512,0.0006803556488614283,0.017790759745754784,0.06281333644160153,0.0206738491639608,0.5169318207891359,0.053559211591926614,0.010539659528832512,0.0298292816359257,0.007894519151041432,0.013948963246713474,0.015743222877366455,0.08859087495742292,0.02094317968129446,0.044035059418647673,0.02273501396779598
117,0.08912177347450945,0.009194282134313878,0.03462872085240972,0.03606542391500261,0.030941820836424112,0.08350375559742712,0.040694606711609196,0.003876104457016818,0.04461132863338591,0.06346897486617578,0.044040960451859935,0.14898089387474434,0.002176317873752867,0.058889860584596554,0.03578535304319007,0.1359614505919339,0.050829996794532054,0.02115719391184536,0.006570730720765658,0.05950045067450458
118,0.040782102727222436,0.009764738284527513,0.006255414420134019,0.029180195177832473,0.006837181268087682,0.10771875428532732,0.2813686777125113,0.002841101251140814,0.0074271496696636284,0.0010924731830593102,0.0035057109528270768,0.014077033964934966,0.21186681346577524,0.012505102039650315,0.002999728649650197,0.170751480347827,0.06976965585579145,0.007794991204813929,0.007267407610801483,0.0061942879284220525
119,0.050808139670508054,0.6918401611033409,0.02675920839578395,0.019090402023221233,0.003392388181690277,0.017815818156830626,0.006903342096760467,0.004459706377523406,0.002942200193763381,0.009850952482376775,0.03389696314455341,0.014777865058003761,0.0019614273809895263,0.02143389104116153,0.01598333955178721,0.019918415415540913,0.005760317308617789,0.017679022916608108,0.02222158270953775,0.012504856791400898
120,0.02429923469357086,0.005234633664414235,0.01034133880326471,0.002037185028685649,0.15526719083978346,0.006882191674287278,0.005972618239030617,0.0604595262370593,0.03538968386472333,0.08076898961543073,0.06986815863014899,0.004359301689954765,0.004470827500501433,0.010898613129234137,0.015360916910616192,0.002782582935258105,0.058728191509503806,0.41972192746107356,0.01258508276186829,0.014571804811590552
121,0.05217240094045698,0.006836734266080312,0.022808048146667256,0.04826195529162168,0.014211685209005807,0.010574255717042997,0.04404100658078264,0.0051316869564667885,0.30889797961793797,0.027088892281494543,0.013687233399163825,0.024615972329057326,0.004783898038513138,0.10404391952145634,0.08898467133661489,0.0928917008190748,0.02367606222537837,0.0340513494714152,0.046774953775497174,0.026465594076271887
122,0.0022965094471486354,0.013059239303739081,0.00837461394692902,0.022308292977527303,0.03152161495633773,0.0037260584254204723,0.03142041848194664,0.00730432893166771,0.054540562652477344,0.7015758233770557,0.02973585379396859,0.014581949514632087,0.005676498516289626,0.006542189524892003,0.0025174524393754873,0.013971950867452562,0.012741922182844426,0.026328308251898948,0.006296732731796212,0.00547967967660059
123,0.01986611860119577,0.05155964439659003,0.010545462794911734,0.05993534323482438,0.04582681246537316,0.04489175507854174,0.046756621767710366,0.0027762538001867994,0.044676848778737295,0.010921732764430685,0.030271960036476493,0.005381120643856955,0.0022261585962251892,0.037717488624352875,0.010851290059505891,0.021103793933875913,0.4358581105364251,0.05967992104919346,0.02394725039004784,0.03520631244753815
124,0.05261640574630696,0.01721622758287873,0.05204774702626326,0.30139464939790617,0.03177042902784876,0.03588942565993553,0.03225103686737929,0.01739188276205704,0.008749096544531676,0.014419992224036497,0.020909238762494637,0.10089705596205793,0.1745962456388193,0.0644198974368489,0.0035737226026046195,0.0032475636569863223,0.007669084708787976,0.01337121115087808,0.0370565808605957,0.010512506380782497
125,0.007369029212436624,0.012369075299189125,0.008517071248606508,0.019503765212369482,0.022288455731531782,0.01251620869076268,0.019111411917993527,0.02473648002686918,0.05607671100178772,0.6193870422135269,0.09239305523070979,0.013479690632468129,0.008049192346649631,0.006213253846689017,0.014598985966488677,0.0025249665213224986,0.0007114797486776925,0.02778397907282453,0.008771553816049061,0.02359859226304765
126,0.0035402370929426543,0.7954123772475155,0.002846357183658893,0.005021535363479445,0.0063869469310490895,0.007101807260426586,0.0032602219620048297,0.004802548532867521,0.03603329248651322,0.002890693332474239,0.003930134442465615,0.023687273926534323,0.02132729960374058,0.010446920661544963,0.023713032603333167,0.00536390042861675,0.010291550736265306,0.004151649751127355,0.020956305285755775,0.0088359151676843
