site,A,C,D,E,F,G,H,I,K,L,M,N,P,Q,R,S,T,V,W,Y
31,0.05923109590143054,0.04515928296730253,0.05144657345411193,0.05397946241183739,0.04772826620161515,0.06217567765006148,0.053070524417212606,0.055628887393266074,0.0513569030548739,0.05215807805722287,0.04785455607804298,0.05768500699751958,0.053835673317306154,0.049962313491032216,0.03713211856608941,0.04781565244493282,0.03506855303976718,0.0397371891834045,0.05500072310771076,0.04397346226525995
32,0.054585448856601076,0.07133750379033127,0.10764380627888272,0.09388405447065852,0.010485372199658949,0.1070439012512958,0.05274050329976671,0.036717985865997324,0.06302016077780687,0.010300478785465798,0.02555573290688299,0.035949455623154124,0.049139662469267806,0.10935422558076234,0.043150160372822294,0.03927234746874475,0.03119767368349201,0.028470258432414658,0.01773563999025721,0.012415627895736768
33,0.0353923174319611,0.0510074192166247,0.14976735406096273,0.06892471718175677,0.02657859330929798,0.08698285914882796,0.029110786898584456,0.02322071578415594,0.05870832364659673,0.022612670411983827,0.06481016417545091,0.07652644348006066,0.02550488245327411,0.021488375536221876,0.02951987439986735,0.09478342107422935,0.06865715960376945,0.01733127943294585,0.0365460377356255,0.012526605017802757
34,0.025928619429586745,0.01243523335290488,0.07058818764293673,0.05464969478182673,0.07560790730432357,0.059315239087368125,0.03165930699451273,0.033572163844744776,0.020665941434106338,0.08291894544697154,0.016263842439046924,0.06352960684870892,0.0367600045930418,0.05859855863093528,0.08275514677704182,0.03719148301550738,0.09020201306780909,0.03771173327221212,0.07238839202154022,0.037257980014874306
35,0.015747005467020115,0.044352006905304574,0.05005815898342533,0.04081244485415486,0.08799050114130388,0.02550281832079313,0.028451779815720796,0.029614136901695343,0.041227863272612374,0.03157502763702578,0.04722082596161213,0.01256297183779063,0.048499804495140686,0.03966641227073428,0.08259771513768081,0.032516174913190185,0.0400884909946032,0.03544597679982517,0.18496963194502283,0.08110025234534386
36,0.03502111016222273,0.05146483512838379,0.038629256886291125,0.031114252118541463,0.04123837440123398,0.04605415876342865,0.06077574256249583,0.03180051149318536,0.03162600126500998,0.031439505176986994,0.03358510935036678,0.07814153805401408,0.057461050000940164,0.041108091484745195,0.03658525486128258,0.023351035991473514,0.05582381630736602,0.20151327085960516,0.03916779682714173,0.0340992883052849
37,0.043233974093775586,0.01734945065631813,0.00941733488432184,0.014881522900641982,0.029353944159794223,0.11674259880272368,0.04245836816977054,0.04250093643683958,0.07664891081529959,0.0326413681147126,0.023398439812022723,0.043324208339388666,0.04958373709680894,0.0457650841119655,0.03389575899367147,0.05488345547607389,0.17516639568352682,0.04447281297340094,0.06174728802202118,0.042534410456922106
38,0.05053527155527663,0.05813448845720874,0.045575595355302936,0.029593339760062055,0.04287821749146738,0.022228700812361234,0.06507148580648643,0.07694394516705565,0.035567204718233984,0.04632705680336928,0.03507809589518287,0.020790199746684557,0.0765781216738555,0.07230323786684793,0.03553728411462015,0.015886771770819243,0.04982977235741756,0.1498866025193507,0.042567598354159415,0.028687009774237777
39,0.03156409152036903,0.0211760469270534,0.03661936709316198,0.055435870008401444,0.11042905723661352,0.033145298721504096,0.03053629952175369,0.03163345541889957,0.022326078214267853,0.026851968336341292,0.04834927821226505,0.030485305942682464,0.0727250976629634,0.056033911060109756,0.030991605971649294,0.03452695043492043,0.049293534456996836,0.03191976298362403,0.0736046267282334,0.17235239354818951
40,0.04076114098249858,0.04441643449819894,0.0562414426295991,0.02637765476530974,0.11840685820623781,0.037737732713481645,0.030327318638691782,0.01420525341561212,0.02561396892844071,0.01821282803571334,0.05908468205855844,0.03602122608634382,0.047471364037038895,0.040334671428755166,0.03545592848776407,0.047276589965638834,0.0501592808490198,0.024132479938455603,0.07009859332016932,0.17766455101447232
41,0.030515697552242364,0.024295380328483687,0.029409657722770204,0.0336624297760077,0.058081154696490375,0.18622561092901693,0.07913221974673836,0.021162424510773492,0.049346177310438756,0.05018710394451186,0.08004566545719229,0.03349617893571377,0.047374885467396106,0.01736109452749948,0.028630970918230757,0.06319899993687937,0.030208922298749285,0.02218642714344308,0.08386272137517287,0.03161627742224933
42,0.10891692328141289,0.0690868934247526,0.020925052317176066,0.03542495578770551,0.06908036582311214,0.007205607638855545,0.037851958621617256,0.11914776144817146,0.024155540559245493,0.041352695210150656,0.05840120460794567,0.033525496112763196,0.027221302290852328,0.0290277886456788,0.019567711886849092,0.021030491807263924,0.05679357840700112,0.14987435192526272,0.05395437199784203,0.017455948206341453
43,0.019826313481386547,0.018909458999102638,0.07961436286136939,0.033537661742040904,0.04273000438811197,0.0853104011123881,0.039328873926469145,0.07992101233144883,0.012106638266134674,0.014182391258212437,0.04926070728289491,0.014202288883461941,0.1963926295685512,0.09169598645455608,0.012342833199489141,0.05206136698466388,0.06642004447742356,0.02000962183308997,0.04325886321926612,0.028888539729938576
44,0.06656189728175663,0.04509224423383557,0.018992786398088244,0.03640812958510423,0.03523708293306587,0.01742993854771846,0.02085979452877303,0.11977238351502528,0.10270502542633121,0.03500272232553549,0.033802953032140336,0.05927707458507609,0.03919619787207055,0.037842804581120666,0.046363998324594806,0.07626827326430038,0.010745163634188268,0.1530630266306667,0.0240947544306481,0.02128374886996007
45,0.04963938629235165,0.020740561208279447,0.040183764725870756,0.02669421071724068,0.10584665098215046,0.016387733201565155,0.027323465550056925,0.08762941707594668,0.024436939123280075,0.03724566128386999,0.02357935693188536,0.03982370937038913,0.027464834680324544,0.08538053088468972,0.026305645473237927,0.040247266551455906,0.033812974508621835,0.02014739723663594,0.14923417177174483,0.11787632243040295
46,0.04479071681386757,0.03100048170931604,0.01627813175735348,0.03945383271359881,0.06274348006972266,0.027754999112596226,0.12056547141193251,0.05923910839554539,0.0864871737515717,0.04353516072230322,0.04840996538861019,0.048895833886775264,0.016927025427554435,0.047727078950337155,0.04775369175697133,0.07291581147642628,0.044809578313877475,0.04717071675306869,0.039837471131087106,0.05370427045748447
47,0.055052239932024336,0.013852458112533618,0.12740072900629948,0.08526176517021217,0.03319933403801524,0.01555600036119872,0.03267022436271286,0.07030595327883928,0.030867613277465955,0.03257118916077532,0.03303909052941202,0.03329329862683736,0.1107024484246143,0.048770162661663174,0.018218694390621164,0.07704564801913932,0.08142427462228002,0.016475972163553135,0.04356585038091404,0.0407270534808885
48,0.08066277747916713,0.04842015802468732,0.08026172201252572,0.04240443477122618,0.05965673849481841,0.11977613810205498,0.05692930517462334,0.008816616472152788,0.026627883612600645,0.025372321762491167,0.04721221254091482,0.024043727758392443,0.014098210847940874,0.02545409452440807,0.006981610301621239,0.05803787933925371,0.07947640853560536,0.05957031794071566,0.10130811737585445,0.034889324928945684
49,0.0367512071138891,0.06886174986502672,0.06685050222357566,0.06560389754904336,0.037822662614986034,0.03824947787083414,0.06746227813063606,0.047056343539648375,0.03344062926543139,0.05113680069831579,0.03166268366748594,0.020284418054528054,0.012951711969557776,0.07987069654071885,0.023078602001677346,0.04063098284317999,0.06981764855269855,0.10896356971684863,0.03618297461883783,0.06332116316308037
50,0.09004714357213059,0.05384004994018303,0.04560136464204876,0.06502984850728727,0.034579681461859295,0.0394421837517662,0.019828032154194458,0.04942381032471486,0.016123508405515682,0.030194311110358637,0.028110302082426982,0.027451992546055817,0.05345796023150839,0.023546278595723488,0.03369738039428011,0.12506325918310637,0.09969110162543937,0.08546859400685104,0.02275817960957754,0.05664501785497214
51,0.045271975886338016,0.03994346247394304,0.08930072486903246,0.08021751636520537,0.038481372669243376,0.06691130082075575,0.012504689225924315,0.04744273388824319,0.02250092660690431,0.03365604661660143,0.06567728290724048,0.013647682639241725,0.036980743870776295,0.054462376291916303,0.017419428515278883,0.046503488342702314,0.05565807676371392,0.10347942380384173,0.10160022222322958,0.028340525219867477
52,0.025880158433921854,0.07498895714068993,0.0510324871793535,0.0500555546128253,0.03994234465110468,0.04929484334419072,0.043380898702588634,0.04587595423342265,0.032959232849410984,0.17491262284359055,0.0487703369442519,0.07308376329328393,0.03935891240033502,0.038048122770588694,0.025339992707023192,0.03408726687567797,0.019615594953099447,0.04890407129804265,0.04834331604558249,0.036125568721015924
53,0.015596365690441706,0.045321350151456004,0.01989304502823153,0.05848297746015877,0.15990458897940912,0.06241506854064911,0.04671516662245077,0.0439495106763875,0.03704012666293622,0.06590468922599835,0.06663435157420099,0.04360343190214151,0.017687502635382806,0.023662689774407646,0.03341988148976488,0.059426070785916184,0.04284065485613291,0.03505247195577897,0.05400456942566103,0.06844548656249398
54,0.04777424649037876,0.2199767301880227,0.07289167754372451,0.056717096466157156,0.029134126923018165,0.034101627633646575,0.014878007778193342,0.10120389277814093,0.02436012472782935,0.019537009610739692,0.022335950531931513,0.04047799561071712,0.02458149079326967,0.05597053571386633,0.040882163186241105,0.040998956417355556,0.04014751098832859,0.03223135675210977,0.03391046958764442,0.047889030278684706
55,0.11919365761694482,0.043290855296972734,0.04081167298598673,0.04517873397911074,0.03232176109879748,0.0590634396701078,0.010351780020465811,0.05011231481053244,0.04118091846431951,0.0727754967355415,0.04216294091030485,0.01390879132976873,0.04213353741408817,0.017249798296193324,0.07209247530389223,0.1144304791135889,0.07673024390539268,0.03857669348098803,0.0518357682946547,0.016598641272348766
56,0.055466859174018876,0.03176283211420955,0.007951105347334583,0.030651284629907634,0.03331575002362978,0.020862019859743702,0.05995319128185624,0.1016023760919325,0.018231540457308786,0.052078146853841406,0.05961509470640038,0.05671017669978806,0.013641887311472513,0.033953610357729994,0.04624857612076014,0.0695216138168245,0.07893612624115694,0.1010049118765462,0.05022253437336614,0.07827036266217208
57,0.04896047662645818,0.05177951861152054,0.09949530449035905,0.04765106983991262,0.04931313555230113,0.041514084476927345,0.04316599418820806,0.03223496481816076,0.04382063762884234,0.04241016484790603,0.04690005750328617,0.07901424760884383,0.02726289568698423,0.06287749452156147,0.04974514502519506,0.0506718938093169,0.044824829158710895,0.053459713959169514,0.044402620457511435,0.04049575118882439
58,0.03356910764410164,0.05214013560034998,0.047594031031145505,0.04480230054423266,0.03826949818378689,0.05382011674038173,0.061259952343837236,0.04354901255810039,0.0526554201245807,0.06746680299356274,0.05119087413187857,0.04942815532591602,0.03383901060567451,0.049402243540133645,0.07784745554883792,0.05439079023455712,0.03811579447029092,0.052981265447154,0.03806970728506727,0.059608325646410575
59,0.05725226591772255,0.049292684213546274,0.052812892622855906,0.051899977312948896,0.051994896773171435,0.04863422991750333,0.055288192684066005,0.032731122707778386,0.06779496517749477,0.029401550409371015,0.056432458813404536,0.06088289249235777,0.04964375315758593,0.04863486002629996,0.03963858913086982,0.05005529130086638,0.056637781760872426,0.04535581599485969,0.048256904883536594,0.04735887470288833
60,0.034228749353471914,0.050603343361137344,0.04770401358514498,0.0468831652388614,0.05118947392753474,0.05665761125967754,0.05080932493597448,0.05125794324025605,0.054541408303985836,0.0643824006966953,0.05041684369049964,0.04651830046745014,0.0639126235933665,0.0489586680061881,0.06097844217072772,0.039756707246488526,0.046296853047137695,0.02803919824218451,0.052975299075078704,0.053889630558138876
61,0.027944363222915637,0.029424895280250826,0.04863168881978108,0.029071392799422318,0.04991219655177258,0.10209145997454804,0.039265900547964985,0.07792636835327657,0.025153445185091567,0.1048116750050465,0.03467184381255306,0.04688993602965916,0.06669525775556752,0.01642985622963182,0.06961970743012844,0.014788840489360692,0.051924131359911384,0.07540282784387808,0.05235547509549492,0.03698873821374482
62,0.03595245859723685,0.048198230232294,0.030617406609280737,0.05712079231770617,0.05301233971459064,0.07265549258177284,0.08692861964506866,0.02542558366538715,0.09152183003379344,0.03489994027973456,0.03628190952247487,0.05480902948637987,0.09852063148719128,0.03104453203948999,0.027809961491034714,0.043612055980717525,0.036015686894713156,0.021266248596695438,0.08404918519318963,0.03025806563124843
63,0.051491843217933146,0.05850389101202684,0.030433345480535057,0.04512027281500549,0.06479563376496293,0.07692032743407036,0.026545144394338444,0.03165230085059587,0.09692550543763225,0.06404092541702042,0.03854834381164051,0.0308574544409836,0.05803836502556478,0.06201335766442935,0.03137655311329717,0.07183125582503216,0.034929763078216096,0.06113761002375479,0.0409868756964599,0.02385123149650084
64,0.0522144722484064,0.07402547339102411,0.0660334732328531,0.046735474973524746,0.02148641265719753,0.0921974654152867,0.07162826267162671,0.028822766517963748,0.02857244234631152,0.02238345719974948,0.057992454529822546,0.0494953067145132,0.06498028466126134,0.02784969549853679,0.027951313135471355,0.07783435430097882,0.06537731620884304,0.03446883704808389,0.050167297531219845,0.03978343971732512
65,0.049867458256639664,0.04495143026048271,0.022608722053294793,0.0903396816428718,0.10345814524843004,0.018237565696621383,0.026143595149607336,0.022782298246385762,0.08182840616802253,0.024695501609059093,0.055687934150931206,0.07432618394705139,0.02743571485488962,0.05157839424649074,0.05034991181174177,0.028214657589763124,0.08510868221368106,0.032960844754587375,0.08159820120666174,0.027826670892786905
66,0.06245756741540208,0.035035692400986716,0.05305735711557043,0.055326931882257624,0.035569789220042426,0.10574063995111033,0.04726335918479073,0.05922070134497676,0.031600572337403404,0.05246608756908056,0.031327330980528964,0.0494935033797315,0.04186379892528811,0.020363464900904606,0.007304511175491421,0.082975728548617,0.057858695319965577,0.06541354808395906,0.04818591086647938,0.05747480939741332
67,0.025720434908148116,0.04695426683986279,0.049691010595699844,0.06411343154400716,0.014294501278986797,0.06222959215481716,0.04962611274982067,0.0536035966961903,0.02653995435359025,0.029790458939880273,0.04325312556106658,0.10503423127530027,0.04863162409667112,0.024875096121690612,0.03198215826910399,0.09862770863249518,0.11838973784956332,0.021307722393031615,0.04507656882545476,0.04025866691461924
68,0.03797961016756322,0.016726068392404977,0.06262329155048815,0.03471842640716023,0.04738268769537919,0.031365823999171004,0.08484121723515975,0.10981375760297488,0.048995144066929404,0.13386058506308068,0.06408497254173359,0.03512123429492666,0.010284276077855136,0.023230042635909765,0.04619182310806057,0.015916874072341415,0.06668031965459291,0.050921510495053134,0.027799436969662163,0.05146289796955315
69,0.035155955941303316,0.029815291473969545,0.042100774238332306,0.040837008560305386,0.06648408455380254,0.02337603233988882,0.06906309761347813,0.02800996508417242,0.043067097015113895,0.08584159665214766,0.11927705851303115,0.05951077065497269,0.030092210004517925,0.028997750080680965,0.05432445534666721,0.00816546741051482,0.022645176875085465,0.028747646234614847,0.110279497976126,0.07420906343127488
70,0.06450237918792373,0.02584080381362357,0.03904826512146534,0.0632641380295736,0.06116189167177189,0.053599561662832765,0.03541264592667502,0.1285370847685617,0.02063466343118177,0.02988940200528392,0.05049125045018053,0.04614338100454026,0.022352948789794085,0.06343315495550782,0.027581239906869497,0.0915011888543935,0.014367989822598364,0.08533965714961803,0.0474908622937008,0.029407491153903766
71,0.06755549268213197,0.06037289487525253,0.041798199301462474,0.07454294846296769,0.03344350977045636,0.036932221451193535,0.015565386433622982,0.06123981085623856,0.010244098952831897,0.03898951736835253,0.02664172010051931,0.014654834870729695,0.06286433305495835,0.05126922703511121,0.03906768682367498,0.10849960891248554,0.11436708955252212,0.04268386643749731,0.05075532910990245,0.048512223948088525
72,0.03353233210991279,0.02892234461999826,0.03961436588215199,0.05808425941110779,0.02129798572775494,0.07156290141432642,0.08126193361862076,0.035926405354300035,0.08591909501287534,0.016514831713581164,0.040921226559130844,0.08168447762701149,0.018974798508570843,0.04162620541412634,0.06905053373341992,0.04549899747620667,0.07595459489547328,0.03690889668715671,0.08187025113666825,0.03487356309760614
73,0.056458575519278166,0.0428386737073211,0.05209434571631032,0.0629062093590836,0.09584068613865229,0.050108895720577785,0.032119797683145365,0.03330682973520781,0.03875504446397021,0.049443694834229536,0.03161542970810216,0.03680764779809704,0.015846490463179683,0.08913406514078363,0.03539490196050393,0.07515408473938444,0.0366042085553544,0.03822869249963654,0.06026258574881381,0.0670791405083682
74,0.021478345167934013,0.15667951320970983,0.042657727969304476,0.03576191140447208,0.04719325239553663,0.03719185760695513,0.022054603346272295,0.042754827144649996,0.02423361615942639,0.025860990853879492,0.06105207065617421,0.03785806000196292,0.06531474684948374,0.08015825832455238,0.03378400737390497,0.04788271963928346,0.023507272586954515,0.0397829439239442,0.08528780697926713,0.06950546840633211
75,0.08681116988323642,0.021244144225496874,0.02279520058629253,0.01594756856441777,0.07137505125831947,0.026555593250296147,0.008235779856573566,0.13324501215541132,0.015030926512045567,0.09510435844136987,0.056496202347289706,0.09604138912384019,0.05897468414122206,0.03144502378909917,0.002703794449447397,0.04697296510082767,0.05152119225510143,0.10940472395365951,0.033521921478362,0.016573298627691354
76,0.0567061613575466,0.017512166794604076,0.07083734124703858,0.0454053722960296,0.008966873215149706,0.08931439682869392,0.05594904178975578,0.03065711628892775,0.03339661556531031,0.08113618410216943,0.051174350814610484,0.08834897279206741,0.13368245698466677,0.0500822841905107,0.02436882573507607,0.042675629208173096,0.019203340726556415,0.03084508366178427,0.04350171005566831,0.02623607634566073
77,0.05144323917542194,0.03519519494755125,0.010252352727898992,0.03710624388299993,0.05751356059508332,0.05169800970589353,0.04450387839761282,0.07875701470963596,0.014507988816172775,0.06832460108379979,0.1182924800797114,0.04824922718427191,0.01734771522695063,0.0596940266814192,0.03333412071183727,0.035496945423188195,0.05001732711340663,0.0633490689699024,0.07925445949412054,0.045662545073121535
78,0.03979461014516971,0.05830843970258346,0.06796033258017124,0.047728921370169056,0.06246342086840748,0.02471271618077518,0.04009134609099384,0.04121470569627014,0.0982478209502885,0.06446533017296652,0.02766918865786929,0.05121307434678576,0.02180840340366513,0.07116577657256265,0.07959201473635795,0.07004521858039676,0.036359610347284625,0.010605708192809303,0.014776402583207511,0.07177695882126589
79,0.0663207112906118,0.033422875546915205,0.03112520418107541,0.034279281947882115,0.06329110407996295,0.047452851794475864,0.05525831213974293,0.028105220053817777,0.032648400217305536,0.0562749180081569,0.05069800076628877,0.057052345693694745,0.08161844934811117,0.08609622472296248,0.04226587821996155,0.05299265611281716,0.061990697037681196,0.05765262407264879,0.04830850483398724,0.013145739931900397
80,0.06667376200463918,0.04884490298472148,0.06863044075725841,0.08422054753888421,0.027607684191837917,0.06849741287809152,0.024150982493172466,0.0369370792150768,0.05142423089344495,0.05366143607467882,0.0492363741467056,0.0489694435657349,0.011073337578278724,0.04159803725385712,0.025555261536646064,0.04041584655472808,0.03588241236115263,0.05085353485483904,0.11891470145145307,0.046852571664799045
81,0.04152318876626864,0.05403196657153768,0.09746925130266579,0.060370051184256375,0.0363686818217787,0.05021914233111267,0.0338991523177608,0.03293413979541877,0.049780445847230445,0.041778009321180955,0.052753756013932424,0.07745560133957129,0.058707363825798185,0.05151870973644836,0.026975421723026374,0.04465052152268911,0.07358901785392427,0.04738650425598332,0.03626771390632849,0.03232136056308733
82,0.04100098708067312,0.024685644706300892,0.06256309660985962,0.07563102856206874,0.12580245170739782,0.04481132767718108,0.0370578875528182,0.0370425391594826,0.026940713143547203,0.05356436656405476,0.03470662803289747,0.04152194804616847,0.040027439879451364,0.05240222885262564,0.04668744894818543,0.044870625124256845,0.05163193035772552,0.03795551359991583,0.08537804280381667,0.03571815159157271
83,0.11389863391971494,0.062454261055286384,0.09777597713252448,0.12925712800631875,0.015393941241899259,0.01966361107156481,0.015372053996890307,0.05183655399982623,0.010149988787070012,0.03381744454265928,0.01712154869027568,0.031044287668623063,0.042342583254480794,0.07013260244000152,0.023978627226518893,0.0654498713542947,0.05357846441611118,0.04558907359981805,0.032327190631775644,0.06881615696434606
84,0.02715568843207417,0.06119349344460194,0.04647578260214752,0.047177436788813316,0.04408929782200255,0.0673659425882425,0.05225841601554951,0.06012104046277265,0.02741221751044489,0.04211723556796095,0.04569460319212707,0.03277396448862459,0.019045586184398368,0.08654411827512455,0.055977037985617595,0.020905072751414202,0.06729721718953238,0.08157096493736624,0.08781924693291515,0.027005636828269907
85,0.0635039719616509,0.06081687852092449,0.0175399523141747,0.03099643694456043,0.039221052229137854,0.0342761956233364,0.05498108148331077,0.014255913407520407,0.02967582583042566,0.05077039681731427,0.04958956749880918,0.05280590442109677,0.07250148657483535,0.11506272238419761,0.03227248513166031,0.05308643878666986,0.048285863463608324,0.07070822914102844,0.04504315780335991,0.06460643966237835
86,0.0343107254636012,0.07245868081570885,0.08646697640267491,0.04187027368192005,0.028967092273790265,0.04428953016396749,0.032812174826318694,0.07608709503801045,0.02321360330507565,0.11677603267277793,0.056259352645011064,0.03376613204055664,0.049449429707507694,0.07749332205106824,0.02444014867087615,0.05262395411123395,0.046122956799570194,0.04408912713987974,0.026573179566309033,0.031930212624141814
87,0.05700676465959804,0.015259285380910453,0.02752375626369427,0.0655582035785148,0.05733253203332899,0.020855431218685987,0.01116388434157783,0.027321983626065055,0.059931850636175184,0.05588712355956983,0.0304773949990872,0.06261415133557124,0.07185457715724661,0.04976816946277728,0.06454307601702831,0.1381838378874802,0.05445645195500593,0.05027635366658377,0.034091106616529546,0.04589406560456945
88,0.06791608303863715,0.02331028582988056,0.049626751727233694,0.04529337537980322,0.07712659046812873,0.015155478865932218,0.10965028054619051,0.06287309713734879,0.031333558497705014,0.06049183360783302,0.05158358861321351,0.07427858441986435,0.07743786108767091,0.028317699564980165,0.051459189100685025,0.029182751760152798,0.01765368194437752,0.048970352179971095,0.04836863600465031,0.029970320225741427
89,0.0397389819187964,0.02379787329954614,0.016963184588771045,0.024273810958148435,0.025896888578297354,0.02541951357510965,0.059186286146246325,0.06802700683499104,0.04599250317943661,0.07076753664631988,0.05501030851471004,0.05578829401499613,0.05322168133345653,0.055713698126306055,0.030575660756980098,0.02901881774152343,0.048864637620106635,0.1583094263354642,0.057127511240214264,0.0563063785905798
90,0.04015274574560351,0.059148699262057486,0.07683583882445053,0.07620342550873503,0.06901359552784947,0.03022733963725376,0.03716280760463641,0.03326689140901703,0.05185424418723826,0.028415783360373627,0.0438438410285895,0.03595426818831109,0.02095358631199956,0.026133963489066794,0.12618284896840823,0.05546098701246528,0.06895616448181505,0.026907069483025417,0.05584146817994575,0.03748443178915822
91,0.05800400311770603,0.06795198033986076,0.05240667182030232,0.10765883581224994,0.037516318726629576,0.039456902624358796,0.025252870147405536,0.045613591312984154,0.04034180203880737,0.019932010202362717,0.04490046601031631,0.029093753370969404,0.024970753514324425,0.05762520846503132,0.03761750074582357,0.058603442623702526,0.1041813349194707,0.03493796040017146,0.04771548840774502,0.06621910539977806
92,0.04741591044813904,0.07706556537318075,0.05015818189085501,0.04254135400733315,0.07579467567352101,0.027559836639484872,0.04519600752305937,0.03856294934402571,0.07499093528037003,0.029490346966733767,0.030061545257290056,0.07677579775577842,0.08197340269448963,0.04387901690364451,0.04371778499489327,0.04081338028868222,0.013990503718608974,0.06353883773111066,0.05225928381123459,0.04421468369756497
93,0.027184885782614458,0.12456853713314152,0.021012902760429726,0.06590474175527504,0.12555391368477994,0.037143039870588035,0.06397876216751572,0.018652001154538515,0.015144062572964403,0.04116339829404877,0.06097191579061617,0.052356808062959705,0.05519330940997088,0.024243205855397732,0.04545156297729298,0.03313686891865352,0.031648744946896776,0.06797457553589552,0.04684028196647152,0.04187648135994906
94,0.0681332651493271,0.04932671431901575,0.05137242228254489,0.061896176024633334,0.09141131455756035,0.03068927513810005,0.045409216023978786,0.024942159710101445,0.03833548648410119,0.029260628673951294,0.0279227562060658,0.12075879607177435,0.005444162862765944,0.0629025054370718,0.024487978114742372,0.1090969703616127,0.0232862307240951,0.036037393140158205,0.05660718938883293,0.04267935932956659
95,0.07552847056108607,0.10447049534962816,0.025380676135738002,0.027507585200271165,0.04657109258198537,0.05397471795850806,0.028182118049688194,0.07043624359456094,0.021995841304262957,0.061484144407976477,0.10107393822849868,0.03584934987543839,0.007886845505177487,0.004307642512166494,0.037449020544195966,0.08894840542208585,0.047934787372120466,0.12140918160289471,0.027954289900607932,0.0116551538931086
96,0.0510483666566231,0.021004420638698427,0.0652107170341702,0.0342374198631536,0.045428158024975726,0.026503910232729543,0.11273787875445278,0.05040307392564994,0.02184492095419135,0.014397522661723273,0.03742653114489624,0.009655961282366388,0.07953204290070338,0.0793405576425601,0.030667797820176423,0.027711425634093196,0.011952781068130329,0.10192413731622164,0.11064641931943725,0.06832595712504713
97,0.041597207809790225,0.0865628886658262,0.04322175316420002,0.05277501812747165,0.04936975122829834,0.06562969134343093,0.027249221031210975,0.03969845113209165,0.05454767530024383,0.025854220742404437,0.034612566534772744,0.05250094027862816,0.031436862883988434,0.030164302853198002,0.050987017157197445,0.0601995344092497,0.05124475702820638,0.11411946862881435,0.030848179271742025,0.0573804924092345
98,0.012281123066351493,0.047368139136793164,0.11030087760330798,0.061981926417461204,0.022380340386652528,0.01965592418160643,0.09946139839954678,0.045145756760147523,0.04233892568558554,0.04544554367899862,0.06428361153121832,0.10830639095779653,0.023822744035050022,0.02336359939309201,0.019965032355053383,0.129470340666288,0.025871090373300876,0.03851262067801486,0.02702171063330779,0.03302290406042699
99,0.04325232984843683,0.006548430215777508,0.0668522482850311,0.06583069869592464,0.023170541615031907,0.03026095352755363,0.032347107348029036,0.05682081158894554,0.09599998957346398,0.03326478542832615,0.02185921307306927,0.04780101278147793,0.08709242696752761,0.04996913472628321,0.0959339766715631,0.0620889371356421,0.04493309583050726,0.022517732887012806,0.08449591098062062,0.028960662819775804
100,0.043954903913055884,0.07052260119704344,0.03291003328960178,0.03464820068165009,0.0714270054679691,0.0249690070329683,0.025878202353111605,0.058661308025128076,0.049179981396121626,0.07779678752794361,0.15695284813467583,0.037701070357141535,0.02166380580926672,0.018859379408897155,0.021588850324684192,0.038652926145632316,0.04133333553207003,0.113595847099325,0.020272620754059358,0.03943128554965433
101,0.0652060710598792,0.05031870548623784,0.023243742150550445,0.0357986453417514,0.030205524008941602,0.01297514331419536,0.02243647970586285,0.058470321174081755,0.042845736723468586,0.08096977771442719,0.05225905936953194,0.028531515188367166,0.042564011759758026,0.05211526655949407,0.03654120186438751,0.0570099123135825,0.05217670099633615,0.15130018459183087,0.044842472460604056,0.06018952821671151
102,0.03745418063090842,0.06669592557720946,0.04863219151015083,0.05585805262495882,0.03927880161560366,0.016552120563742646,0.04271431891932664,0.08342894113295247,0.04795465433553992,0.07043929299182998,0.03467402940373374,0.06752128354075278,0.020483580877838834,0.030499665610976376,0.0275222121303724,0.041003382209000294,0.03263405411086412,0.03243639660172061,0.08459572998504981,0.11962118562746818
103,0.062013711504884404,0.03375815965442216,0.030017240308114333,0.06446375108224643,0.044618292188201035,0.06890492001529461,0.034469705545087055,0.02792541765991574,0.018792623453994742,0.03145661525756166,0.0705140998502031,0.10583271956252345,0.01775455823553237,0.09637856844232746,0.03255078303332555,0.04536024696298293,0.09118051843340086,0.024137365254983792,0.04244896324249419,0.057421740312504105
104,0.0660469813207614,0.06031506721719381,0.043881855943579205,0.03038606705875869,0.07580913364100199,0.030693350865215383,0.028164094550580797,0.023575914497692075,0.01989193051219711,0.06284658061617449,0.12039009656894387,0.033223995527864994,0.013878015064706217,0.042119801329202185,0.028756032151726226,0.02488312805287133,0.03831528547007523,0.07773532128597367,0.10044492075588016,0.07864242756960119
105,0.030134960812444173,0.04008055564485475,0.05952909023484779,0.09257938351719174,0.12358953137147291,0.018124856930004315,0.07084003921005069,0.02798932597341252,0.04992781428993168,0.03737610007716478,0.054501002863271183,0.031948861234122716,0.013267086877727383,0.08815016664064212,0.034992763477678594,0.05410793208369587,0.025155804947747145,0.04352172127451966,0.04514462689956645,0.05903837563965349
106,0.021253395065957654,0.06693851184187552,0.03424823317087468,0.05569993248473012,0.025105318914578085,0.041205131026362196,0.037896300770746086,0.03275494167605235,0.03193346718694435,0.08185106091293778,0.07025288762415163,0.04760537637016974,0.020913781929489665,0.08317391840870508,0.04006932225664622,0.06353654105248473,0.050265707596655426,0.028707173669945168,0.07883681218086672,0.0877521858598268
107,0.017769360050532153,0.052384550841123874,0.17468618344497777,0.13731798110182172,0.016229445076457526,0.0460581359971364,0.057460476423270804,0.022261304554799858,0.05633593844528948,0.031042475372837736,0.031308361269170026,0.050113838714236705,0.03417465435787925,0.07128760821962679,0.044331031921960064,0.0371111327422801,0.024707426828812627,0.02381219893990688,0.04375533090621728,0.027852564791662933
108,0.0383195253747023,0.047152150767305855,0.0759925138764351,0.020972070353429736,0.07674594410101612,0.03764039315768092,0.02163968606506673,0.1469397930445517,0.02493492295791847,0.0888842902874436,0.025518628087436823,0.029164659194746572,0.01147397644427215,0.09122433873813286,0.04394554844471272,0.0195205910224816,0.09793908744838857,0.0416410382840008,0.020507768258152148,0.039843074092125244
109,0.044694389384374866,0.03379618820632701,0.018074826323925035,0.07216477581595589,0.04260483606056819,0.02396814796708233,0.030685296033989402,0.10843387610476415,0.04329718755100356,0.07023795652527333,0.070943297869349,0.03838051367543545,0.026216129716159185,0.040195740722445604,0.08091939149128846,0.03237957613664347,0.07458366788413182,0.09712928023071248,0.012269099659813923,0.03902582264075683
110,0.0810024384911403,0.02354202084394432,0.05107844338872228,0.04861137063293547,0.04980360202143799,0.0657593813319683,0.07866527861004226,0.045632025180347605,0.023113412325385916,0.02209427322102453,0.09132235450831072,0.11441368299846545,0.008909326512980792,0.033229675390840895,0.04902764102385043,0.054599929542400165,0.05673333640533381,0.03829168445329021,0.013022772008525757,0.05114735110905284
111,0.09152068812214832,0.06111012267547614,0.0438527316478356,0.02194964024785338,0.0280048621130784,0.03451692128188946,0.05477362350918194,0.046610995042201724,0.031148266503146897,0.1038879663294076,0.02958796380446496,0.05754718387334157,0.0323495936150664,0.07539093162370791,0.008311684145286316,0.04767998469935812,0.03775018830318705,0.06975965856480848,0.044006711383648804,0.08024028251491096
112,0.036072751887360054,0.030423348786078663,0.033912220755516434,0.022880197046061812,0.11599069080180277,0.022454087835429074,0.021393373311739107,0.05736349632752949,0.031253259933779,0.02988483742946913,0.04337718514755634,0.05415511858842417,0.021163858239798307,0.008909967661449537,0.05891223530741788,0.050584865871094294,0.050974794937002174,0.09873079862716477,0.11617438134621798,0.09538853015910898
113,0.040681084385157405,0.02999584124726333,0.11624142436728321,0.1153149783404725,0.11123494308726342,0.032457301287662894,0.02287013796037644,0.05607521925224173,0.08863981889201397,0.02323622745996016,0.05334890765676057,0.012281426333283586,0.02580532236358799,0.008837719623351566,0.04716075494870686,0.019501176606427667,0.06123912368986889,0.021620473427485184,0.03885918419544766,0.07459893487538491
114,0.07546995844628612,0.06175547679989451,0.03478182589810671,0.08752667634732024,0.033527958712020356,0.021659948314044563,0.03919102079228275,0.04529993305309606,0.06442514258483047,0.05536074285748538,0.01465530700073275,0.14733695226505225,0.008075173334160204,0.06898159821665682,0.01596234864545323,0.05107682208287051,0.057869013085363734,0.03617457210533977,0.05225802656692697,0.028611502892076594
115,0.12799686767869028,0.025210380787273532,0.058793427648277746,0.0766088698457794,0.03555728879460815,0.07495966514770074,0.026768486161153366,0.043973068222390686,0.017445419167058263,0.009526266289241631,0.0571877108991049,0.01541962677528205,0.0147550720842256,0.1006478079749819,0.03635132271677066,0.09079865824518792,0.07153451842140943,0.04945706112086549,0.0396036775038084,0.027404804516189842
116,0.012996434450188133,0.019093592007901415,0.04333996053863949,0.03907079388760334,0.0349394166119752,0.007092182199626612,0.04116956280763683,0.039327410931853456,0.06648453286468195,0.10714266480546553,0.07614224967282185,0.033122988974506,0.08907786205847922,0.051591356740209905,0.014274286146714298,0.027025305534465104,0.07117383822605435,0.07065411544126592,0.0918892357637563,0.06439221033615514
117,0.0809371356028664,0.030441131388832775,0.03732637379712134,0.05733848023130309,0.0408828803141805,0.08383483824481831,0.04032360236061963,0.025304131330213493,0.05880674765422381,0.05582156420551205,0.06008717072474733,0.06717712246571875,0.020568736202673917,0.07127301533902092,0.04776464646440951,0.09041875177327756,0.03938244287937905,0.04680095665732707,0.015407688093640204,0.0301025842701143
118,0.03693661803152739,0.026745519613605353,0.048182382787788254,0.06269104723887645,0.01801418051666197,0.08660240034397015,0.12310808055340083,0.033978573287846606,0.041205617959404,0.01955637782725928,0.015673717780487133,0.027406236407734593,0.0889820780213298,0.055314679961272956,0.019035293322871363,0.08219279169805016,0.09975547863875474,0.0195044472871418,0.05919896332431031,0.03591551539770687
119,0.05964178880414606,0.15135452419749135,0.040822744925974166,0.06214500651720043,0.021157211223237198,0.02781145753617248,0.06503149574903964,0.043313093395091644,0.02092811863893403,0.0669369446514334,0.07025800483066828,0.016055535324191638,0.022888369744865935,0.0633984860251652,0.04545255304170823,0.05584960210672632,0.03196159042520242,0.04147195335200913,0.04793036861068148,0.04559115090006096
120,0.06370410229993786,0.029735280523306994,0.029388312046489385,0.024675086213973005,0.06663749062796202,0.03781230624796297,0.031102297379170023,0.07265842194404806,0.030745789825770743,0.08198751522098112,0.07990444690774257,0.03563224887067146,0.029025730009827912,0.03898537060638859,0.05812127571696743,0.02681560894441142,0.03691416592806474,0.14930379784359843,0.03836836889703751,0.03848238394568773
121,0.02571633650199038,0.026346735063506987,0.05058858276864937,0.051913610325695296,0.021562545299303633,0.04650640601272382,0.07689942633799615,0.027628834589829062,0.1130299212627348,0.05830077013657649,0.03698550925253195,0.054398060588896,0.026574131625963185,0.04317035084547401,0.08145764249566598,0.08003707347619383,0.056517106418114964,0.0362586120559612,0.045709388370491,0.04039895657170189
122,0.014884992480243477,0.05658610654136412,0.029473143091913265,0.04500256277159657,0.047313873961118885,0.04086336302650413,0.03101282555591307,0.05775076356535503,0.03333184737847423,0.14387572370702453,0.04356938229909148,0.07446662360936546,0.04327691939531041,0.0509835012382295,0.025555980459306186,0.06804054953283269,0.06267615384525438,0.049028207467308425,0.027385274439804676,0.05492220563398951
123,0.04232936984310396,0.09399803976185256,0.028865064653033484,0.0283077987312625,0.051093840740700475,0.07398606653130262,0.05170037510139608,0.023252154641222718,0.028890205828254342,0.03614915937702181,0.04933368259030242,0.036236023872192206,0.034520463954477984,0.05277988587456117,0.03503239086463476,0.046077775343319784,0.1511054469572259,0.017625976070872164,0.06427224626677376,0.05444403299648932
124,0.08647927849528565,0.03661011573192334,0.08861571391425598,0.06804222887151576,0.033830155584347835,0.05091053360269182,0.08114158080678043,0.03754721419799341,0.017871768733057864,0.04288684385446185,0.037817439894998535,0.09648434634667874,0.08564365916793215,0.05310019778920697,0.024977546478619918,0.01731527389670005,0.04970362267052272,0.039584613714143346,0.04222532769437388,0.009212538554509717
125,0.028585590118720392,0.026712328411937398,0.02232269144172962,0.046949880967934204,0.049758875011994025,0.03655228412061515,0.023769649374676745,0.06465831266757327,0.04924719019268964,0.17496371460754018,0.11553755419423692,0.03691610648225302,0.04316882798460692,0.04718889904903646,0.03716777396497716,0.02033619873398755,0.02119691725931449,0.055407704142831006,0.03350694769547435,0.06605255357787154
126,0.03604887598085741,0.2024907604446737,0.02666626216719336,0.045406482549340765,0.03545214483372782,0.029403743833202226,0.024198485641051724,0.03480200784351091,0.07673865184000346,0.013947093829446849,0.025885648924694783,0.03978345892341381,0.02529178780259102,0.07111453592201523,0.09725552735843124,0.023421517689789107,0.03970086860450175,0.021196248804422647,0.09743815164853797,0.03375774535859424
127,0.03275393889679706,0.02269019014631342,0.023268759566188315,0.03670343119065199,0.05006518433768475,0.046771953581218884,0.032719584899538266,0.046032645536509334,0.0246044111929261,0.04671322728712446,0.028213306761388453,0.052154370761351675,0.044700277450823195,0.08869923660901637,0.027460814559173808,0.0679219671466929,0.048403698842919105,0.15255790109936107,0.07171459094430561,0.05585050919001519
