site,A,C,D,E,F,G,H,I,K,L,M,N,P,Q,R,S,T,V,W,Y
31,0.08352708141538286,0.05169755346950088,0.04764797006882989,0.05098380225213256,0.05414329280785737,0.03483179041339334,0.04946219516668308,0.049496152617062604,0.04930908063417751,0.04643656569815596,0.053410442214075524,0.049728171678005854,0.04674277250255442,0.03854901687938708,0.05005748082476765,0.049026694689420426,0.0222819210891079,0.06600106890934306,0.05391701077500326,0.05274993589515874
32,0.08448965539799526,0.057102902426384106,0.11038602066292026,0.049139771836343056,0.02553926602086608,0.1367536640143933,0.0566603449497063,0.0355905972196096,0.02691913408343548,0.05770005931321124,0.04048635022029262,0.023302514855222067,0.03985282114002665,0.025546988962262752,0.018846515824686817,0.11145714841487409,0.012652050788285095,0.0240868115961226,0.046577123286704304,0.016910258986658332
33,0.05261655877947712,0.09967696600064054,0.0859338710008473,0.049809914563436704,0.007696960765461875,0.038077809552114025,0.04708089244718823,0.02743948109921905,0.06261572586361838,0.022953100692979657,0.016420929559477257,0.09014611392753617,0.004632614931143684,0.10434386689842232,0.08129513715656167,0.04394792858524623,0.034035742730489586,0.0217587724324593,0.044963460193979225,0.06455415281970169
34,0.02158269379367822,0.025386576233870944,0.03478380231717515,0.10787186023127385,0.04826120219937618,0.03621902287815547,0.012686139369661767,0.044150938838638125,0.0518560568666888,0.08100868867295818,0.04666476657775952,0.017747013995064943,0.05436731723739563,0.044873703902122045,0.08243807614597945,0.05482892101489273,0.08936168179664938,0.020041817348356934,0.0316893615343224,0.09418035904598027
35,0.01215830356629889,0.04565784205897775,0.0380061413624217,0.024849041769864938,0.04296053918122423,0.04018320147145279,0.05162555707868782,0.020055238002322357,0.026311671688903495,0.018823999014867747,0.02201069845189635,0.08630784241362656,0.05158196880422314,0.029030849063247842,0.0353201981114561,0.011382939539511267,0.02710213651119611,0.0602824358164047,0.19976269714182304,0.15658669895159316
36,0.07238123876202697,0.027731187499646596,0.021181073360018364,0.04260822367488025,0.022027434690043386,0.052658659779966685,0.019803482228455314,0.06294344265683553,0.018301380212158637,0.0239060379715365,0.046911710603609186,0.011781209049172169,0.00950961692211587,0.01045232582774797,0.016288018937424587,0.016633773677125124,0.29159528329103096,0.16652549494214988,0.04111244319466645,0.02564796271938959
37,0.04308031528217188,0.09407216852038311,0.02583444180585933,0.012507065214420018,0.01790349853241871,0.0321977104062744,0.018678608189359343,0.07175317615269534,0.0593713886435181,0.0441475410766649,0.03846738523512053,0.051263000342673545,0.06294492495994078,0.010268513900604636,0.05019292890526791,0.08869989885582032,0.18954048345603805,0.014015406097980179,0.05120307100550913,0.02385847341727981
38,0.02217466812978723,0.04097027533509214,0.013569797645852671,0.028666841487530854,0.024074507985351296,0.02804653735357619,0.025761216794554287,0.047330440754307666,0.06562435362524337,0.00785036849140898,0.028889599582937228,0.10304121748764829,0.010453422192784957,0.12578961587351378,0.03234987901586598,0.0889345906288829,0.0181178203539004,0.2301440183634043,0.036294322046912735,0.021916506851444785
39,0.03179811588439393,0.050069945225832226,0.02642215432658746,0.020604577766633922,0.12753427605010073,0.03702134225168251,0.048524421471280464,0.029211536871580825,0.07738648538963232,0.008112366236959353,0.043854731154053556,0.03814981918680393,0.035944289996855686,0.017323117235798283,0.03790992768827303,0.07509961648010538,0.030997609842357544,0.012579129974610853,0.0513433271194362,0.2001132098470218
40,0.012131862446054595,0.04581553148491306,0.09440576300666857,0.09899819091356919,0.025730034322502274,0.013929703064542852,0.022316590893538744,0.014380627308551814,0.012968942971984117,0.024572368998991408,0.04545760373311362,0.04242536728663899,0.017262089184906484,0.032666841228685885,0.028630825240631465,0.01462809652353682,0.13039534630622387,0.0694680986347403,0.03129074053446264,0.22252537591574328
41,0.0618197835226787,0.024092447109295683,0.035415377873429923,0.05967080405566068,0.014725010136520942,0.24494541754477459,0.04623890456606995,0.034784192300764,0.029084004453907915,0.028453095782464403,0.016693639231964767,0.07534517797865738,0.025468046000899813,0.060288784233648744,0.027561884720759787,0.037956333505729,0.07745354157162544,0.05546064414549332,0.030019624318451957,0.014523286947202979
42,0.04731643333302931,0.07712224105103366,0.04677629848152028,0.08806014587694261,0.024652267498765684,0.03569361631535532,0.0412717742442688,0.1067924166979752,0.022753148148869442,0.020022898283771504,0.02957365022569632,0.04954544694902463,0.03529975903868821,0.049497504828568344,0.02433260312156151,0.02386039131117041,0.038109905713216236,0.1749958338658354,0.027709032553446526,0.03661463246126059
43,0.0239864671166754,0.053310091968061614,0.027946364245542532,0.019743121142438546,0.0801740604566571,0.048842246464424116,0.04049245220369498,0.06593096403199226,0.053309776631031355,0.02426250146114303,0.029433306924752118,0.018301691885883157,0.20487871228826102,0.07048890810349062,0.015413511883737562,0.06094290760338066,0.01749599372635461,0.043791800450336586,0.054134579546769555,0.047120541865373185
44,0.041481808936474934,0.10601616026518354,0.030618888971409113,0.028084238203394785,0.022290219765765742,0.02551545617488512,0.010895883245435075,0.05131177946141132,0.08644192788567452,0.0257499781681596,0.0330544769532403,0.04104901030148098,0.013214825227809755,0.12780500142926232,0.038676344905110335,0.0681170574524929,0.04170276067897901,0.14869689284828666,0.023250719873195925,0.03602656925234804
45,0.07850071602163018,0.01786141012408872,0.044676278679256776,0.02692273779869811,0.1521009954737903,0.029020356618209734,0.021650781996810774,0.026595511951966976,0.04763001647644958,0.020882049198293826,0.04228757624333795,0.011221208357545384,0.06584749976133834,0.027982559323050906,0.043089918216980334,0.05824365338406677,0.02412784395141492,0.015818848869535117,0.16496617209427591,0.0805738654592594
46,0.06825695339818749,0.18194519699328826,0.02916158886118689,0.045882360335828015,0.021679531677754573,0.04791338592660933,0.01548686199248782,0.04345558685834396,0.06104241417549812,0.06293038305146664,0.034696504236630905,0.04670241450989841,0.025612063643267187,0.06443442007633098,0.02177085758522706,0.03717907047572661,0.03653875560044114,0.06492692465370295,0.010014228100530615,0.08037049784759308
47,0.065038768447822,0.024851891936200105,0.0888481419047994,0.16454924036377525,0.0496184966093227,0.0387705918230196,0.1156630460973929,0.006662743568081092,0.008787619109758818,0.00733771271328463,0.015673658590891686,0.02212862453560949,0.08090483202764033,0.037110280723290846,0.06036486889602397,0.06963099345855614,0.04936296697015783,0.03077945486339391,0.04049874997923805,0.023417317381741243
48,0.10066647030211663,0.08928512604293334,0.05329168103359155,0.05151447226435289,0.012891299755698853,0.06808337677556181,0.04691434577336205,0.008039790972242179,0.011941006132834234,0.008290235087013396,0.0511882343674475,0.024159802805710978,0.029773998934265068,0.04180087951537026,0.03126178019865944,0.07714110819275466,0.11409681432193002,0.026875975643065424,0.11095652467513518,0.04182707720595456
49,0.015524253751137675,0.013311681293633186,0.12128751994514379,0.05750043068313709,0.09569887427789618,0.0350741974067509,0.008913468433936535,0.03999101484664846,0.02448834191151659,0.03314817533859571,0.1136142951796352,0.028628171849401293,0.030088312039114617,0.06549566204423572,0.07228386292802458,0.06905419782433998,0.052292615613744306,0.05184225177795978,0.04011061818718492,0.031652054667963475
50,0.06275615368506549,0.050702479834043586,0.02464090361260784,0.044288484936574606,0.029120937800566935,0.05194105818394142,0.015260725340718184,0.031481079414480896,0.04827437599555139,0.028804828165062184,0.0497465019988002,0.04543564592478147,0.10495693007040004,0.01942750603896531,0.012077508471074446,0.058001143657715706,0.13667707285167982,0.10556702235521839,0.03623585254315936,0.04460378911959275
51,0.04927029109281343,0.08194338161403845,0.07591940886227846,0.06653321837512143,0.01503208476527648,0.0295167925284427,0.022326747100709938,0.13192536264095792,0.02124740910974555,0.04856085518413452,0.028581466390562353,0.01303904894263967,0.03258088196057733,0.06055986767590673,0.011012639771067964,0.05331229735181454,0.06952198520124991,0.12064629320698518,0.020196516175073047,0.0482734520506044
52,0.04649149736007389,0.06097937649443229,0.10252768463531427,0.029448095014567764,0.026671600863784017,0.09655849952879034,0.034904233079255456,0.037742568594897545,0.029013946242581187,0.17464312354132625,0.04430836087259616,0.028293440839010735,0.032785198017828865,0.03835924296737414,0.05658764547340122,0.02881693433718122,0.021850155170014738,0.0640981197427393,0.02419419617438175,0.02172608105044886
53,0.04022651475510233,0.057765606787533,0.025826261205499423,0.025374821902634206,0.14238805670241664,0.02947961025882037,0.05016930211395524,0.051304906670898334,0.04788025629513784,0.0298028189388042,0.04905712025186816,0.023632266670759912,0.02512547812384829,0.028217825218643907,0.061029693166714256,0.06568043987868387,0.06836425937906394,0.0782930907511944,0.05402350035770908,0.046358170570712585
54,0.045816971665793474,0.2363519440724233,0.032841045131180656,0.0968433483750169,0.027484420102685397,0.02841000952483077,0.08432648686151847,0.030858085587423114,0.06625487467287058,0.03371378106876915,0.039776737156843295,0.02416457674984965,0.038998891927411836,0.030036777386019658,0.029230108839560516,0.04204513848077727,0.015672181859001853,0.015521473668012124,0.05452107807371311,0.02713206879629887
55,0.11488399687594811,0.04933689303641121,0.0469019152618922,0.04684792801559971,0.0275953452543519,0.09609992417677031,0.0803348823449449,0.019248906773824334,0.03155121534579226,0.015466054822172429,0.1290462367331487,0.03185135544112331,0.01565686186173896,0.06909935584763235,0.022951131015378434,0.048350457553566935,0.05677277410229245,0.02959208027178121,0.04762734397112351,0.02078534129450677
56,0.06689833690296958,0.06037124283935126,0.04412390468995941,0.03527471629567928,0.021209866299838804,0.040158012528800385,0.09808674487088659,0.022428476186940133,0.03730354167148306,0.02470571464294861,0.0237051083190579,0.03173346074598025,0.02321371918907593,0.04263645955702512,0.06556659509974061,0.07686454356451584,0.05182179350974673,0.12314581477809237,0.02680942242832184,0.08394252587958634
57,0.07122141480819423,0.04869960680472441,0.05271363379262682,0.05267340861721931,0.04826354084974483,0.04487633006339276,0.053769546974854664,0.046156606485823704,0.05341166013819562,0.056993055524874964,0.04747748957398152,0.04369184825582554,0.06387353496489441,0.04993124697258486,0.04379532348433406,0.06240112700556902,0.04500960656918217,0.049081349950133725,0.047376434399631934,0.01858323476421144
58,0.0362257738418759,0.04935541454938421,0.042051040358194125,0.05327545555783214,0.050032701352782934,0.08226584589880975,0.04729646003533334,0.042746872800348765,0.0491046537644192,0.06466342023113478,0.05700129961068244,0.04500249312891602,0.04853928069478751,0.045636795687113686,0.051455708090189366,0.06182994702146457,0.043254774564475906,0.047470113727699326,0.04047164771795782,0.04232030136659821
59,0.05557171426859898,0.049340085311727164,0.06492583244734466,0.04425287940845385,0.04725985110612755,0.04835315012393044,0.05223520548395462,0.04760414303842665,0.07368850410596642,0.021592749272690344,0.04935970441575989,0.04531884237783487,0.04443817587962139,0.051090086586133024,0.03447867345944064,0.044889005455723004,0.06480268464780105,0.045438717062699606,0.06462671296492849,0.050733282582837345
60,0.047060113809300905,0.05002976796519617,0.053163696322647135,0.04914622299550095,0.07996584690238855,0.018032065993286737,0.0829238974156903,0.052628608060834185,0.06797074611124783,0.0674653942432784,0.049118991561170944,0.05159450749510138,0.03287839160634876,0.050697639452972586,0.0382370974225181,0.039479070571263285,0.03413238962771211,0.04213659812473295,0.047635421204812324,0.04570353311399641
61,0.024027437550926973,0.027760026573528763,0.0513528746556872,0.07713564151641787,0.01900837717302044,0.053570830376564016,0.11293326038880952,0.06285723936036762,0.05831378153499395,0.07083711507485362,0.04273978768814338,0.05073022817688129,0.049109043317181626,0.04798931117282264,0.0463526599644781,0.015924283943836853,0.06586844510923867,0.03866539333716325,0.04312900259175112,0.04169526049333306
62,0.06028914124503652,0.054720918742797844,0.0487056868188115,0.052126712473478255,0.04598868664205792,0.07406064636779763,0.05436295958767336,0.04097146613468351,0.10139909906825965,0.04203729886622185,0.008973467612128406,0.04492189068083645,0.12118817343879612,0.03987356659303598,0.023330627046225086,0.030521543552050723,0.019857026538256026,0.051184986932705234,0.06439740832564339,0.02108869333350458
63,0.053302650806903634,0.037497359877634376,0.025259225335974675,0.044258105590606375,0.0634461683392789,0.0157338722671872,0.04815491522361116,0.05529364820870301,0.07936779248795021,0.024702190650721267,0.06295582685263802,0.0733644894136054,0.09489750699673914,0.020106235419485658,0.08149927264534405,0.04119235746149237,0.05267413025539128,0.05799568130498178,0.03860307077314569,0.02969550008860574
64,0.07268101118663256,0.0492327450894852,0.049423272927677946,0.027552057901224856,0.05496514352317702,0.03496869993222023,0.06959828343683426,0.0071596090823062486,0.04196454994485663,0.04268380232216401,0.048964352130402344,0.033401559184166554,0.03675617144181059,0.047050033724033276,0.05823466157606974,0.05227444964113456,0.10288160282349988,0.06260669513403432,0.03798768170957077,0.069613617288699
65,0.05465474446823348,0.06358019338226749,0.02673466217870993,0.026818114088829715,0.03937678794154214,0.027566550820166402,0.048746089768682735,0.02820350707853891,0.09848348768320568,0.008879660964446848,0.05039945533823901,0.07520811481059046,0.03752456298094895,0.09630020219472187,0.05855039783339064,0.04996162485226211,0.06392679585610503,0.0379096322209649,0.03622301980382091,0.07095239573433283
66,0.06948091632633016,0.04923304572164254,0.0509180638039829,0.041225342102247695,0.05851787018018763,0.08635396440568979,0.025765721170243682,0.018029652056822054,0.04747482711150601,0.03899429486639283,0.06132511330775261,0.05747632325534684,0.028925617008902078,0.10970305719911064,0.049406959691042446,0.05169724280054777,0.0667867510311562,0.018416596506262217,0.03173857910939583,0.03853006234543808
67,0.020861839966181354,0.08993820015150039,0.06106959265864298,0.0390788331604164,0.015077583792072127,0.011485867541685327,0.03960525915747943,0.017580907631585874,0.019594780539522405,0.016048509681139692,0.04324498991981634,0.10347109781921424,0.10095942142062604,0.0959437547164192,0.04300513418038483,0.06272542176199436,0.059924730787448366,0.05108956983163208,0.05253282183781131,0.056761683444427266
68,0.03909656185232041,0.031145898908216663,0.027056744927050954,0.046828059756279905,0.07267584683205805,0.1040847084409194,0.04119542649088983,0.15796201111815195,0.028726055227163833,0.0208963238789729,0.12105414430634671,0.05032044655999495,0.028522382134701804,0.024071917498057236,0.02661657706079411,0.027718797802918346,0.024740418693843816,0.022947847904946517,0.06875330456208605,0.03558652604428659
69,0.029863715015848082,0.0669954842965055,0.02015349530366576,0.01113941610383506,0.09977869244844732,0.019226873003232045,0.0618018421041288,0.05482433890844144,0.03272737805538942,0.13421363824858795,0.03089775438928547,0.06796896463906946,0.017537660440176826,0.0380927748127296,0.014723928194476786,0.006550392193590772,0.02512445626080835,0.03477349262855574,0.09770735653660402,0.1358983464166216
70,0.04019621182837466,0.048472460083742654,0.04057563663264101,0.04033770435105252,0.07659526042985004,0.07098845443519707,0.0716306543120497,0.04969807286167792,0.06060295210109805,0.01613550595223681,0.042356567601097475,0.07204630974327879,0.006659949823322037,0.10274923942173061,0.030791751308853685,0.06741687562878196,0.04589161147427397,0.043661110796164214,0.05311341056821616,0.020080260646360686
71,0.050149114572535444,0.047530757232013096,0.02485518019961295,0.04547758778040769,0.03936834593307301,0.08184395452652678,0.036653996889052756,0.04233811114790592,0.046258236915206356,0.015767080855419193,0.03831477229443022,0.07877228029794614,0.06122638818645464,0.03163184087582446,0.054181796758915594,0.0963797218714817,0.09601527543875402,0.05416213890157791,0.043576239367794714,0.0154971799550674
72,0.03805092254556139,0.060094611805216774,0.05629878107855053,0.08767804753361155,0.03777701497518099,0.03952175572564151,0.1201400998487603,0.038225735695470525,0.02569250458271838,0.06424155761714334,0.05836465533171006,0.019988855844126227,0.09252792969590828,0.044840620708462835,0.01232980616251112,0.06348525480123257,0.04883134383225523,0.0336219906474507,0.029505799380652745,0.028782712187834944
73,0.048073879507683555,0.02409104391744981,0.048785587324630626,0.010025629599887455,0.04688695425155568,0.0794966615167038,0.017900809834112463,0.06643138332114633,0.03639654763167078,0.10215768916146796,0.1104888924368972,0.04248599275853263,0.01804136189850816,0.13035250797474066,0.008681186641620407,0.0579652354330951,0.05582302248786471,0.04005387636624335,0.033103155485181494,0.022758582451007824
74,0.04253383406786414,0.1822408715572294,0.026873970969901375,0.12245403107446444,0.013774457770839212,0.03038309057321505,0.0359390164965709,0.018766267157451527,0.05278183372337919,0.04711306859288627,0.04180747713728707,0.0689719597791333,0.032330431913664005,0.014407723263451884,0.03968042913642233,0.06467027905386902,0.017766148625463034,0.05621204303951098,0.05062323486630248,0.04066983120109446
75,0.050641410234610065,0.09716886216964153,0.024015419325481253,0.0370477313159379,0.05672457661957823,0.018177908457234323,0.016797593765181012,0.041115640836738285,0.023890875634860972,0.08755806754812252,0.03832679651402819,0.023946705750219188,0.0693219394084565,0.08007999771048985,0.017194730112971006,0.05533927211447782,0.09626524914489416,0.11475122591750683,0.026144744556614346,0.025491252862955997
76,0.1527233946288322,0.023584664115801474,0.04617808068066453,0.02533000444395911,0.043322799260108374,0.07419512388563458,0.06004376981866794,0.03053561535528221,0.021495460735825044,0.04076521694657869,0.062397610713839625,0.03611307309538148,0.11210140333369613,0.02189298052716924,0.019678643647034467,0.05803630048602527,0.030674368854700616,0.02770632667133865,0.030965891151241067,0.08225927164821935
77,0.04448192555243049,0.0648056048000652,0.021916607386167488,0.030163434237629135,0.044246795730180255,0.05580181184518745,0.08450948754282772,0.09088472722235331,0.05262923072639846,0.08464474431864642,0.05229611624295151,0.03622579683796635,0.00876097470962834,0.07791059909925091,0.015641031264372583,0.03219085328918825,0.04749951311065447,0.05994966378850055,0.024244718873951642,0.07119636342164946
78,0.03451240325968285,0.11033792462118643,0.06323116927779607,0.05341243625416856,0.02130438413285804,0.034591668887194754,0.02746648929702331,0.09417842563900629,0.01639530050735208,0.11443530489093363,0.043801626728665034,0.056237588097381636,0.05750550678922369,0.029004085419375082,0.05730229454346554,0.025603161931718948,0.025995199694506466,0.05199207072572551,0.03605381671032235,0.04663914259241371
79,0.08035472300181594,0.018215960291125582,0.06125411823413612,0.04338914128805642,0.0856734585950269,0.028948383529859182,0.04471392207026276,0.0633704651680136,0.016696845947916646,0.045240714813284684,0.05334809596823662,0.04507324077469891,0.0441348034844119,0.050010573321689095,0.024452799038161173,0.0412729460550001,0.06415456659414184,0.0769194932924819,0.06675252801539396,0.04602322051628664
80,0.035911539101037046,0.027373478696106884,0.05293654910808571,0.10466257228298408,0.09442683132739832,0.017936210466311626,0.0777436340383493,0.020869666552750514,0.023860243650464498,0.06967077925729022,0.07861858505828372,0.061465977248034445,0.0041357399436519815,0.06871021186041786,0.058577203013025464,0.058667760627706095,0.017551421133379652,0.02343359505746973,0.042169714152877395,0.061278287424375515
81,0.043996352687507095,0.007723844015469661,0.0382548736155662,0.06311681983062509,0.0556117804768901,0.035188347495246845,0.014936996662718418,0.04964392072626464,0.05284692169773508,0.07975655703123885,0.021569010454419352,0.023566264686619886,0.03957491311339682,0.08635190872504202,0.039144187144922314,0.08432556456361978,0.051420943896004837,0.11678130791335156,0.05316093372214964,0.04302855154121177
82,0.042912514459375294,0.043206513970842166,0.08263649877606337,0.03476773590513608,0.08029155463086682,0.039214307213006415,0.054011962867114086,0.0809317791142232,0.011120768723543801,0.05798700891718569,0.07459377970049036,0.07560061900663523,0.03456065634384508,0.05314514670250831,0.043127583774127495,0.03988687349878261,0.02801894604520779,0.03608884480364467,0.03454133635786384,0.05335556918953771
83,0.0816796537490367,0.03476504612278488,0.055722147910937644,0.22281679070912497,0.0437304634824877,0.029298652507625082,0.018548802072609703,0.019410465234211357,0.03527949551643532,0.04486994804464552,0.021536720432184596,0.025197499499476757,0.042585977323284376,0.07178899463661671,0.028101315802896328,0.049813853080085624,0.03275542443011492,0.07147071720477063,0.03630021164428111,0.03432782059639007
84,0.05106395569522061,0.031282501443021735,0.05342183880165133,0.04685189955783199,0.02379123011396975,0.04413798704046448,0.09458192152398669,0.07040141045849509,0.026661793298330405,0.04741688648712925,0.07513113325130939,0.008948390749248867,0.029203506838127623,0.03591230567046152,0.05088765202559646,0.08225671764397847,0.07516210191084001,0.06907527649843868,0.03255880468778538,0.05125268630411225
85,0.06899949318358792,0.10311993938527872,0.022086194538006833,0.04300919312608481,0.03477016931193621,0.02301685768130327,0.10944370154235074,0.08844492356483877,0.024540062724786794,0.026714094623644474,0.04603120218886282,0.04878887576717299,0.0344583069973485,0.017730552523411394,0.0727245098050245,0.05177186929496014,0.01074330705989441,0.06542378121272699,0.04180904603981709,0.06637391942896266
86,0.017158762197682715,0.14178280883963526,0.031483205834541846,0.02873231228125404,0.037479695418634176,0.012141651926782496,0.027566282521249433,0.08936490659253685,0.05288458530551041,0.10046672460741461,0.13055338562312807,0.02971853366331316,0.020664745985780122,0.03979665081502877,0.014501622119442127,0.02451713851225516,0.016211132597298724,0.10073398590967143,0.051093161809256105,0.033148707439584514
87,0.07440630567964779,0.07060510863514013,0.011951690475502574,0.06436384240803396,0.033391327387593504,0.03805781673358547,0.07154985153504866,0.03896652400458614,0.056454673484209524,0.09675886531597043,0.06836788377499985,0.019693338503613027,0.0159276274527284,0.040686240383914433,0.053379319757241854,0.07123235909537273,0.04574215182876344,0.07046020452901527,0.009553849495472243,0.04845101951956055
88,0.050053506684036714,0.069568476523917,0.046348962397866185,0.037670455808014404,0.040403273593087805,0.142117122811045,0.05987951245380874,0.04253630970143158,0.05597228716684432,0.03251389514685245,0.04638802485742546,0.08295262109001242,0.015587075546083781,0.026538043962560407,0.08093398167759612,0.035236703059828435,0.03516082720339583,0.01532924573700931,0.03598392503936062,0.04882574953982345
89,0.01916234102530789,0.030513772144651192,0.057512384010536856,0.026423826886069306,0.03360607541050738,0.025033609618119925,0.11685645802984528,0.04882699042675906,0.024447251781829233,0.04858130242497293,0.05908032531883623,0.016438799454994126,0.01927048525134091,0.05370522346331245,0.05424709741212789,0.035032586528669085,0.06790092006341657,0.17670027694523718,0.057850193403117485,0.02881008040034899
90,0.0942066283094632,0.025118141082363432,0.015457240552475212,0.05970807581364196,0.043768832743415725,0.056529382369152566,0.04036326067024309,0.04734334896447796,0.06658102616162365,0.036090162974526205,0.036667303949206795,0.02563019336923551,0.01911740351489843,0.10021492962747008,0.056531698268641434,0.06002542507762339,0.07232054609074992,0.05537317375996727,0.07500377834648647,0.013949448354337727
91,0.03401671481095546,0.03708731026989174,0.03302725289326689,0.07842605084057706,0.05293241042218815,0.01557877147157246,0.019046349029571183,0.03225646897522232,0.024944070758647876,0.026542525022094685,0.043845226941887645,0.01858432922545576,0.008424057381046565,0.08988161875329147,0.0173829552221065,0.12260446223163658,0.08122551145809523,0.07087748926620534,0.07438845306174229,0.11892797196454483
92,0.03788452809665671,0.027970940022354684,0.04814260833164335,0.0689985270557276,0.04013800236142485,0.02486084041770683,0.08372016495261982,0.05442339267465278,0.05207982661279991,0.03660936384388656,0.0810454714944126,0.03519542102650368,0.07620671201294456,0.04777557102912928,0.05398919356247604,0.032570449967669154,0.07995349796539397,0.02616473414819358,0.04054699505462246,0.051723759369181596
93,0.02100247526294954,0.04556145089230839,0.07726375505792545,0.03313764915409449,0.16725395328416834,0.04635844323932148,0.01973038175939218,0.04925913832720209,0.037351633595600904,0.044089152001265224,0.09690523295427537,0.061487004222309745,0.032125518310597144,0.053500700875666926,0.021870184887841947,0.048593152583035815,0.018995086610454532,0.02539896186612687,0.039673266148002005,0.060442858967461516
94,0.055853527319266905,0.047560351495398126,0.04591443606204416,0.06269095545066354,0.042184269603456545,0.10781296027694734,0.045739686439901915,0.04263065068083481,0.05601128000578416,0.05730234108865044,0.06406006309395153,0.06149118041575199,0.017700438773179415,0.02063995098601058,0.06820617621794611,0.05054274910273374,0.08140661433042992,0.015195259639168339,0.014022619878742438,0.043034489139137995
95,0.06999318378459156,0.11968798066385976,0.01074053684024069,0.08160850599129457,0.07947656564038448,0.04894163300537243,0.06786481513142976,0.04960828771129331,0.04681619697092679,0.029121772145756158,0.06528646033397247,0.0035115127354256124,0.05124762889105944,0.008782357870355128,0.013432125041750377,0.06323839131184389,0.08592702295501958,0.0688459731105944,0.012412319514702265,0.02345673035012733
96,0.03813847375065893,0.01318614548345748,0.03294299318050221,0.07275542725316667,0.12464751694344593,0.02331714351058924,0.11057102841601568,0.02497682244450669,0.025441366909486462,0.05260001191824675,0.057288679584013014,0.023692687782716534,0.01713476175586671,0.02516381903003065,0.061162075840507375,0.011843372081322006,0.029763457408915905,0.01057180203982615,0.16662371319480335,0.07817870147192227
97,0.10962646291009862,0.05115040687725885,0.018774848347680766,0.048540722546092,0.013121430440957118,0.04770689153056369,0.08987281246275464,0.05047688444026357,0.05945762372271743,0.08761136852671884,0.057049023768135816,0.011866691343176021,0.008880367114785613,0.053208357205896326,0.05266244420134418,0.08302728733896447,0.019830879264101143,0.05629354743243158,0.023149628410875162,0.05769232211518414
98,0.04528385022468612,0.07364518087296504,0.04930882311276275,0.04721882767988968,0.012369568418514755,0.04785180755814093,0.031601917087179944,0.041805211385768475,0.031849576737676966,0.11633912741732881,0.032036817782828596,0.15725288914206575,0.04951137956385882,0.035651988536239104,0.021932256184712957,0.07832280807897148,0.05004647085676022,0.014052920254974021,0.02711604898669559,0.03680253011798
99,0.007378699410007346,0.030088759130978963,0.02396624828029683,0.043723590415867125,0.057142423500203515,0.09100767124734818,0.12849338446271777,0.053172459662256845,0.046264514030735726,0.039545076037451506,0.02405599051657245,0.038927733757356836,0.05740754288628982,0.10636073849236345,0.10735307986282117,0.017567854331309758,0.02704957982556956,0.023446451010275426,0.05271885840647501,0.024329344733102685
100,0.053889773778118925,0.03326554705321557,0.046371889487616974,0.0392769373922083,0.07286207529092349,0.06753024957412983,0.03970849741746388,0.024062374298797984,0.032054418576288594,0.12305465793599178,0.15143363866097537,0.02891408949221452,0.05108923169499272,0.010702619984089745,0.03257204445270568,0.03311336274570177,0.016925197247053693,0.05501086133357845,0.043421285424156235,0.04474124815977652
101,0.08230049920068316,0.06860189951410087,0.05611787793428258,0.05134019797590415,0.05033997105706333,0.0323282888241774,0.0185247793517734,0.052651262378810654,0.018427999375601828,0.04142079552133026,0.034961697622002956,0.01244012402397552,0.04558895903063092,0.03664763845064422,0.022975167231550304,0.10304192507397401,0.05786460438494422,0.12158208494276783,0.04426429371605949,0.0485799343897229
102,0.010731026985811711,0.014854485207396493,0.05949435606571153,0.09510994767273784,0.02664210318541209,0.03895356774169804,0.04320414926516016,0.03274639870012776,0.04948164884271643,0.11458875348101116,0.0325635930744428,0.03005642061345031,0.0855875734481528,0.09215495931549096,0.07333992781002174,0.045507272203006696,0.06241991453131119,0.020350835608136105,0.04734700677029259,0.024866059477911515
103,0.06677412503351014,0.023441289629596,0.03459661316017398,0.06089095989202419,0.05060850836311325,0.03559593786145079,0.03470171697729747,0.05117149644893084,0.0277906313252728,0.04935486627318859,0.08078388901078545,0.05199567440807091,0.01978424526506714,0.14647683312180163,0.042957714793303486,0.030883858409069858,0.049887281690541366,0.030512015962164196,0.05587168622390917,0.05592065615072878
104,0.04809017571790155,0.037637546270109026,0.037955711289524706,0.02290650196971871,0.17614275660215442,0.030178606625676747,0.018388689824974904,0.021139499559603637,0.09943337873078897,0.10631779921974692,0.11055404206955996,0.04551989263831056,0.018421871837442746,0.021703796086506,0.012795253785661766,0.014850934990091616,0.024460284232546346,0.019131469427326533,0.020001173015347578,0.1143706161070073
105,0.039375559595632215,0.04176342006675031,0.06868071693643332,0.036031289631900484,0.018178772367331203,0.04100888599180588,0.05235228959589766,0.039182831960152154,0.06695549014535977,0.03530469166881423,0.09099004576273127,0.046086197787270834,0.0035365817355518373,0.027379602702335217,0.04530704228227219,0.05207741648355809,0.025939732456162632,0.09559263515445712,0.09716660009944991,0.07709019757613367
106,0.06738068107676252,0.02670208186452017,0.043340113143267925,0.04543881197987664,0.07362500249300821,0.03907623764892127,0.034106458285176146,0.04853017499882888,0.06011208451639096,0.049969884305022166,0.09927090513098828,0.035831776532552394,0.010081803674936479,0.021788386674592188,0.024019168091801962,0.05234937960338627,0.05050409148810129,0.0764845682728246,0.04225896707171466,0.09912942314732698
107,0.011800595409782438,0.023965755041088443,0.18877703811255223,0.07478130509423982,0.029673177661008084,0.0797468690199847,0.047690893633412494,0.029361924414662576,0.012992702146658973,0.019514347835815543,0.07951492193280667,0.10329799240248565,0.018129917174953873,0.03074301900234586,0.045626659320922226,0.02464579081947456,0.05746605013600775,0.04686733633295667,0.039715359610051605,0.03568834489878981
108,0.07200089862973734,0.03926388703119799,0.033952673833454586,0.031960421248786085,0.0821876780586427,0.013373632889656147,0.022562631604351003,0.09532272760997011,0.0430073812872561,0.12303531151098744,0.04416775301700058,0.01662315265200628,0.008400993748176424,0.07078363461758275,0.04461566210697478,0.032475174564711835,0.08813935369980301,0.0806077474195624,0.03058641636241022,0.02693286810773218
109,0.007838341570848638,0.06823124716726321,0.029371647141911542,0.1225927265623903,0.03436166659053286,0.030765722595604065,0.01581701632304874,0.11461034232917047,0.016664256876083965,0.15644077277642904,0.08911878793538808,0.09247628362785006,0.02089275099078869,0.017344170729358975,0.03984910074157527,0.02344113690346512,0.0214970149354755,0.03396942887932255,0.041118500679539004,0.023599084643953914
110,0.0934515913041937,0.05210703896854982,0.08709203596120767,0.0563805942485095,0.021754712805985423,0.05692975602674237,0.038748927474280506,0.0429457212196133,0.04977962284833289,0.0408129871013395,0.04812738278909566,0.09975438407884916,0.013555724146404676,0.02324160691488946,0.021318200017247976,0.06616933072059653,0.058644478043557685,0.02125529534024486,0.026348855687745042,0.0815817543026143
111,0.1107930479524558,0.09954866848315987,0.02472790231452166,0.014166681829441618,0.03876965393328884,0.04207507827367795,0.07355084026163493,0.03112448161929622,0.10917173318893988,0.09963680294859661,0.015955724493371782,0.030623131786370567,0.04598000231091403,0.02970559852737996,0.02050540309479889,0.05579315403474418,0.053564335091594896,0.06357802723687857,0.02527715763674303,0.015452574982190749
112,0.06308380250236428,0.04941454336026195,0.014092224855403686,0.023813875112024634,0.2030619120415714,0.017645161070789846,0.018004643503521506,0.06455276330917098,0.05932695182849552,0.02288103414797705,0.018226772505576482,0.04441467287097415,0.016388342186627353,0.03903640816224436,0.03642580715475124,0.025402578181987642,0.03973934305899232,0.011005634400457986,0.17977104110245182,0.053712488644355814
113,0.029695581691035575,0.025813955327842284,0.13016802951172646,0.06384789050755217,0.057755901148003,0.015084236048774796,0.015710042227768513,0.03900633953053874,0.028893851913737955,0.016953308953593895,0.041812416010526085,0.05077600268827192,0.05509392318923656,0.11973818530938433,0.013759368608340773,0.053963186820451065,0.04112489719110765,0.05903357679878896,0.03414248536130525,0.10762682116201394
114,0.061772591571973,0.027218688857792165,0.0784339232733714,0.12637071830714847,0.08496069155953226,0.026353964764139006,0.014952737300449322,0.06896038969318642,0.047381637354566235,0.02766950748516037,0.04245506340084814,0.09203413633505098,0.006465206712251597,0.08034497262840884,0.014658960542696213,0.01793826968396093,0.054990478195043,0.022002065344459188,0.03048037553937765,0.07455562145058477
115,0.18475516249496277,0.02370929533149141,0.022043869967710277,0.05370633506696267,0.05629137375650965,0.0917876585132939,0.029958463871648883,0.06237429973150787,0.024426750220897925,0.007504227782411931,0.03422127170232771,0.013371580534092988,0.026704030312014855,0.03030542732741991,0.022429352610747456,0.035335051139523226,0.15686229798612522,0.06104376392319751,0.04647353281902574,0.0166962549081281
116,0.022055903069928332,0.04273622107036856,0.03384696344576357,0.029481712286519825,0.044087203880987705,0.018797050511235,0.06310150618443303,0.12832331829918883,0.033997968334969576,0.16493457222595603,0.0578921003617286,0.01400316281001252,0.021020790131561436,0.02360132493516459,0.03546085010767598,0.042721681254552446,0.11457404027351897,0.031858830669920186,0.04074117870384141,0.0367636214426734
117,0.08594845493055162,0.03303959784816678,0.05729955898934995,0.05528722044890629,0.04528130208179734,0.07919435596256674,0.04813414534070922,0.019969744052753792,0.04364526635820232,0.053177450249931986,0.06546213894861584,0.09677336094248679,0.011165962294731898,0.045595810329531514,0.034753764231492186,0.08136194489970747,0.04650298319376405,0.031603145215361346,0.026774503468332794,0.0390292902130401
118,0.03700556734338201,0.060958090053358935,0.02367482475424548,0.07240128010468418,0.0395278423784033,0.10688938926931468,0.11461519467705596,0.011126703655509244,0.00984347050162373,0.01700772713031458,0.0350714579985325,0.05232533491950613,0.11304270622996107,0.0316517267834378,0.02483646318789602,0.09641099598964789,0.060989680461414786,0.0400598793872129,0.012655450619067463,0.0399062145554313
119,0.07329076532841346,0.18099984244362993,0.07472040460081493,0.03725385397864253,0.034405643231970574,0.07394573569393358,0.025204834167742315,0.024609520950970097,0.03560995290812334,0.01897512551642192,0.015270172651675629,0.05309002109423644,0.009469017896776474,0.05174377812606782,0.05129164917823446,0.04815863461252484,0.03089461760687222,0.049785095078827155,0.06458374379309455,0.04669759114102775
120,0.04066803271104566,0.021799361865909344,0.052886609337178946,0.01830884662453893,0.09999493665917154,0.03409170266988321,0.04365739464173884,0.0255921186365394,0.08288952647623742,0.10050564484660485,0.07615142161711838,0.015668701322494562,0.01840821745754929,0.04762727253643603,0.014656403271477558,0.014426577534159008,0.09872881826469479,0.10353977388958727,0.038799005683267794,0.05159963395436719
121,0.06864271401006007,0.0437848149646756,0.06596355363650805,0.0799689175947271,0.029441653110720143,0.008079977834080898,0.016323367345640785,0.019813293965644165,0.11261662081622667,0.047104849528435445,0.025685228559739107,0.05914075869297276,0.007600051856724872,0.11650603858139487,0.05354307951489219,0.0939081838064138,0.02782423373573432,0.03012024760694515,0.06298927639226995,0.030943138446194063
122,0.02141786038340329,0.059836732536473286,0.018596781887999566,0.06036610035974435,0.05570428340847002,0.012881769246869706,0.11611607130595313,0.029194839878305436,0.1218429530094076,0.20002410055959172,0.037134400299148024,0.038461361614659295,0.014840824817265093,0.020678445746463815,0.028757862586846056,0.042946492517789786,0.020120033438269836,0.04549012849564828,0.037510679339661554,0.01807827856803018
123,0.05179189177542736,0.042319620201371685,0.05876050237586632,0.09860520320926408,0.0931442779805839,0.02396115281967939,0.04892433170590794,0.013302462703135247,0.07563219038803355,0.04483995861783039,0.04939607150370538,0.025046206066956275,0.005603025755029042,0.03723377940349153,0.012587315650150465,0.05728837455479495,0.10354908204679432,0.09093090301667588,0.040262318950543524,0.02682133127475879
124,0.035106320240080376,0.04434810710749809,0.04052215556476226,0.1753432720132746,0.09366569733115461,0.04105430421005523,0.013842795513833517,0.0439976118028043,0.058454339170546266,0.01919940112554894,0.045002657512699495,0.08918354239459782,0.06613929505090584,0.05735920539029656,0.004144492617602184,0.02418683034125621,0.022052898007127467,0.013352403429441705,0.06603201717815836,0.04701265399835616
125,0.054719748483938846,0.024492532493767736,0.05276533270169852,0.050182732953630786,0.05516328371808756,0.028212087875733954,0.02974750132154527,0.05918041399850482,0.0889294772152605,0.18535918072709928,0.03980410024967545,0.06155415012369746,0.0337231585982205,0.025892472404625624,0.03617476519240184,0.030094769649206946,0.00927538572561113,0.07135550565547609,0.041407593018603576,0.02196580789321411
126,0.04057636491589508,0.21112708572599076,0.03277226143620525,0.025645448767916638,0.028121283297270684,0.03358567736411851,0.04330171893083467,0.034468226152300885,0.09560249691838048,0.045530347416516556,0.024810957170199002,0.09471328366535271,0.06892102034049387,0.03971133703547511,0.02963409542859323,0.02464597691369494,0.04052738132676251,0.023094263810401007,0.024780433008047685,0.03843034037555043
127,0.04852295331898202,0.04383199841889411,0.03574354733453919,0.06071506465738771,0.05584946851944791,0.05389627512606896,0.01778011758601132,0.14827782559872893,0.03330652403563338,0.04203669668361902,0.03414928777538152,0.03440387515383448,0.06928641578812848,0.01818667456625356,0.021253520203825836,0.03500600376201137,0.06683165411727705,0.14310750337786493,0.0197128739641822,0.01810172001192797
