site,A,C,D,E,F,G,H,I,K,L,M,N,P,Q,R,S,T,V,W,Y
31,0.08987427655364622,0.05023369646070281,0.05594024626947522,0.04641194378718217,0.047583741352354096,0.04921692943049794,0.046236265012863174,0.05520158388627654,0.05181408522252932,0.05079354118140746,0.04852504070196794,0.046691702811072266,0.056955321859452464,0.055302684455131,0.054692750764270714,0.048545066117301715,0.028130963812027024,0.024821948812144636,0.04859745090322544,0.04443076060647187
32,0.056417875478472185,0.08492834989228942,0.02076679963366246,0.11503926970375665,0.0158827120592625,0.06806590699331644,0.012779215654191559,0.028857696139612136,0.01400792286430686,0.0156764376767168,0.08016891300949479,0.021559046214200094,0.044751001157715097,0.0662124785742642,0.03371771348767166,0.13501804286020805,0.022826960647127335,0.03672756523899027,0.06320888389954964,0.06338720881519186
33,0.09089356729523854,0.048398463655799556,0.0333609431567343,0.036285728401065705,0.04621694643643568,0.020974324229880416,0.051574166483148415,0.011375029125250518,0.08553373051391905,0.01838163746348427,0.04923413236032551,0.08624357949942107,0.02781964279620255,0.11415513275293222,0.0653735165118403,0.055452145121624746,0.08006935737778849,0.03227563138803909,0.029824828772942062,0.01655749665792754
34,0.07095038624993143,0.03399059828900113,0.04062754790935056,0.030343543242492985,0.05375220054089488,0.03437168978867479,0.013736224681462602,0.0909820159098825,0.019373761134700112,0.10142487494680708,0.0743689510273275,0.04358611160698642,0.010373266267995245,0.047251978237075665,0.047608856523830005,0.017816720585798272,0.11515579451649699,0.037469178109196796,0.04423558344795983,0.07258071698413524
35,0.013372773598948345,0.023628798243919086,0.012098707328934807,0.021705635887170997,0.09092683271034226,0.033599534908372905,0.02112127855230575,0.06928381440783382,0.016107167974502984,0.018983466154308935,0.06697749133732836,0.01734809797855368,0.014788487525731333,0.04607269503725838,0.044361543055597655,0.02275943322599057,0.08901229851344834,0.02444963202227908,0.15167842766034573,0.20172388387682696
36,0.037797146286920213,0.053610788980241866,0.050270941760651416,0.014611442834663027,0.04678567216385178,0.02275178715441873,0.0310706020953021,0.04216516009115687,0.07097620168455396,0.039278829543144135,0.02676409882223042,0.04588690541348468,0.05920658900744381,0.03149906973771538,0.03008269964370761,0.09576006786346221,0.048890531384236297,0.19505127316146792,0.02987060923647535,0.027669583134872243
37,0.0176377076594264,0.032534246940641595,0.058725967325605234,0.06194630471437568,0.06982359501407855,0.022965840537453108,0.036501099124288734,0.04231047565310403,0.011569661714961706,0.05079500091080648,0.04132039244170051,0.06231054046094176,0.024471120963017314,0.013873094437056914,0.05745086262091256,0.07212221342582847,0.17867808805254515,0.04531314041183047,0.04821114363462765,0.051439503956797694
38,0.05374646340418208,0.03197802160253101,0.019181831813487114,0.01527891365331011,0.06497748496007232,0.04395569648899321,0.04232208832952168,0.1153810357818295,0.027041904082779844,0.03935947426743091,0.04534063046827537,0.06482811908647233,0.030206576923824058,0.0445415890987021,0.06022454267779209,0.03441999574209419,0.010861813602546254,0.16687484249101658,0.05444369462300144,0.0350352809021378
39,0.029567413793585365,0.03368768397988088,0.06258780522986014,0.020344295053873855,0.10087142186383856,0.06290807179354622,0.021462235397538786,0.018264419699053885,0.03140377785084129,0.04886619824100169,0.054821527162671135,0.020880677826725882,0.08648043263895015,0.05855729143948598,0.017662564412906145,0.016447660972722957,0.028802252026121397,0.03442677923141268,0.06613647917787602,0.18582101220810696
40,0.07666962763263234,0.04192065947606969,0.028913517846936243,0.024207817908917184,0.04579842166692587,0.034942988401773775,0.04047074782695476,0.030127252605527503,0.04355915372993662,0.04355210073248566,0.04752756839647509,0.04935423520182505,0.04304964071609817,0.023047717525859112,0.013340739133783159,0.017431045607478417,0.03612714766182054,0.1017644734798102,0.0412405305363923,0.21695461391229834
41,0.038573143588815764,0.09283006993983689,0.031866257256060015,0.04995905009009236,0.060378666514738326,0.2042144883614072,0.07693035484614931,0.026253395642177088,0.020579229350633686,0.021252220214678215,0.04897837609180067,0.013512619421495255,0.016037939876436914,0.024537587658683184,0.06048074098924423,0.04879824813951608,0.012213510554026615,0.027460352810013022,0.038057187742047874,0.0870865609121473
42,0.11834128409414736,0.02869581427461937,0.06382164164067189,0.10394197308569139,0.02823376719065156,0.038637238470539674,0.02042548460040343,0.02270721653375815,0.02360617712957322,0.019782777618638645,0.039262977501897285,0.055713016457110395,0.03311343216587855,0.020704905531718026,0.0489365960366205,0.03925564877520845,0.024889344504415937,0.18488701967317428,0.04749556050542048,0.03754812420986137
43,0.03257489149059857,0.08910846610586666,0.05899769653286578,0.023000435737043513,0.059747077853720236,0.06641086301816841,0.030429929430456724,0.018186140828697562,0.033072950575348,0.03718753318624352,0.04876780634798089,0.02726772196773432,0.20753589730638194,0.01214609737581802,0.06333719585861144,0.04648859771319818,0.02225523440204113,0.05727254035765543,0.03177107367420432,0.03444185023736532
44,0.06447863293853638,0.07457834236572915,0.033602300135268375,0.025191572487424846,0.016852868342010708,0.007443659698618295,0.010368450377111085,0.07063060108398707,0.19289261317324835,0.03449755805639862,0.046323201176307255,0.02583698607819686,0.031076257310929726,0.012838514927649305,0.028820306125250335,0.07199837609981319,0.03173476783867031,0.1523768265408977,0.04599104878172741,0.02246711646222502
45,0.029369929359935498,0.05608192167634295,0.0180183405828312,0.038505240078590415,0.10114438787336164,0.03056843597574241,0.019701492156010712,0.042400430400998126,0.04868676628679089,0.022014368068271437,0.031196677025299782,0.03556573586263999,0.011204285965856127,0.11220776668032863,0.013176957145256938,0.01958509237113094,0.026838981945978207,0.061171342486484176,0.143440726185743,0.13912112187240686
46,0.1022656960430645,0.021087685573824698,0.03661973580543821,0.0451239676258961,0.037869547249395966,0.028128273891250673,0.1201397001652568,0.02755338779768009,0.059539994786383464,0.03832788676597844,0.03428940962891458,0.06662460974205904,0.06374038951166264,0.06081562121587842,0.043279883715964015,0.032984523960029453,0.05748131586541224,0.03506163308516139,0.01020386033712094,0.07886287723362835
47,0.09466717641479702,0.031184559352539287,0.12072333272962733,0.059282552125047565,0.05033835341275121,0.03333149744922885,0.03761318581313328,0.014695892487705817,0.021213725621709197,0.017708365760151997,0.04090231667220385,0.0371757611766287,0.15472046356714805,0.025184150685355663,0.014025147221536987,0.04763153722036691,0.019901580276310584,0.08666625790051803,0.030453321367084153,0.06258082274615553
48,0.08919509747257376,0.05741110479063626,0.06713348426643122,0.051603011512180094,0.07129214387579257,0.08264275887192198,0.05529531749580471,0.12910409426755817,0.016803490875146466,0.01545212471105489,0.028194964916704816,0.025976839054476647,0.010868577271936268,0.03199654491718963,0.01649827534140499,0.05818148452598978,0.08930565898872705,0.044903469007976704,0.04375678535276826,0.014384772483725735
49,0.10478083839757983,0.03641361918065032,0.04989677404937683,0.05296601181273055,0.01556396447737379,0.02021505625031246,0.07541863356176193,0.04315502206926228,0.06030468986490007,0.02423183942137732,0.0877619006977851,0.04631576763931984,0.016042278579023513,0.05812961748317899,0.02788163689930832,0.06674454297637805,0.06878361680179194,0.054114247206263635,0.07242735886771148,0.01885258376391373
50,0.06218611406581022,0.12444302983136951,0.023725770788103673,0.03528342253561666,0.056099273004752606,0.06024709529232061,0.03631845305832362,0.05934266498357808,0.03396594395120029,0.05909185150319029,0.04427592670531623,0.01977938054068845,0.07279259949320734,0.03177481554769962,0.03144177200171792,0.05199649717189237,0.09332872156518322,0.06743139721885455,0.030367489972065793,0.006107780769108945
51,0.027215019449767907,0.03524234343530341,0.02138452571489374,0.021254759339188325,0.03295720622840989,0.04564233020164544,0.10324641663253795,0.06794001056193329,0.03668407157371703,0.0623053257080098,0.03788406490048553,0.04524721049502971,0.08963861798253299,0.043188798973441016,0.025600105623010194,0.03064416603387702,0.0821963740110435,0.11096396253314822,0.05718231364487231,0.02358237695715273
52,0.020139378102290544,0.09350824176996064,0.02392255915298787,0.04835313599343286,0.06471172415323204,0.02671444711490517,0.05752739084682414,0.10220016902198317,0.02237024066132028,0.1310091041261953,0.06676060815788984,0.030563018557652616,0.019628182069818017,0.04764748184330353,0.014376437873039197,0.02445021667926673,0.04233942680307749,0.052003932281721836,0.04062995674693294,0.07114434804416579
53,0.02021051073696193,0.05054104774518662,0.013793881494767735,0.03814408529260019,0.06549161468202518,0.0066443830544230765,0.05335564745093485,0.04432155385892868,0.03998064403480069,0.060886346866508324,0.07815949513499967,0.06126266016131931,0.04923362013380724,0.04585295443151126,0.01509997073263767,0.05092091117713847,0.046383541395357,0.0570898137358775,0.08679956472566706,0.11582775315454756
54,0.044925747262603295,0.1833896107094747,0.027948491271917352,0.03567980626117559,0.1707648011139331,0.01977686466913635,0.016048318240524242,0.041337891149532006,0.03678246767380314,0.04099921167551115,0.02944153234622808,0.07549693617110473,0.015547284172841793,0.023421488072977233,0.046898943373291736,0.024947085461822196,0.0435641691380437,0.03775892043828656,0.0578178812479212,0.02745254954987183
55,0.2278418425179855,0.03008862940182304,0.03803999688826673,0.03365249339381318,0.03230411749472391,0.08157187865353624,0.03296251287119628,0.036149445464424744,0.027900062409735027,0.01591094643483631,0.056811371784928656,0.028874858363981612,0.029137880762784073,0.032687183432426596,0.04344103383990613,0.03182941661339001,0.05777110385430851,0.07493698887342343,0.052068658062234,0.036019578882275985
56,0.15035725309734138,0.025872557098785377,0.013795436203090893,0.04260451137963689,0.017963917218181188,0.012815178187436613,0.03215664879129712,0.03438905619359091,0.02233188878609609,0.05209128608734,0.04597269806334636,0.08954982282190106,0.048878587067972816,0.04523228433265165,0.03885191332076796,0.0941666607524257,0.07309737709574023,0.08677305568449284,0.04742358587911074,0.025676281938794204
57,0.03690375723177125,0.055184647309325235,0.06151334170429777,0.04813784786707673,0.04656881483797327,0.04486933048873697,0.05410646085266044,0.05179806509496125,0.044877825412647544,0.053234491888312856,0.054530571115727365,0.06339145059373438,0.06669365678634871,0.04452534879687062,0.05027008760296987,0.04839965810618049,0.04687475681935294,0.04842009049749775,0.051527018699826656,0.02817277829372791
58,0.05041898387681424,0.04981437636106168,0.055440090820334686,0.052381677643420804,0.05732310792333722,0.03863043597869378,0.04292694696286013,0.06289238137211672,0.05443517405725777,0.03452895967403247,0.0564440951212371,0.060712333078513765,0.035927285143480335,0.07029867372660671,0.03960529076196137,0.04087640444511696,0.036522856496409115,0.057455328680528814,0.055721260913130025,0.0476443369630863
59,0.03999127038876043,0.04647061315511154,0.05412369016609455,0.04665583977480536,0.049686473439570666,0.04670135743044393,0.05494031943877045,0.04819829943730288,0.08181284484639036,0.03940201892682739,0.04580653921359635,0.0518537525267016,0.0518691934916046,0.05338364909547877,0.037820815488721515,0.04691462641999845,0.052358262331358416,0.05529597757253288,0.047623746191113175,0.04909071066481668
60,0.07268625596299472,0.042479077727814535,0.05505887544726879,0.046689555839067615,0.047876685497390416,0.04353550080811808,0.0459734278379375,0.05060534140476092,0.04016099161012871,0.040407453529741684,0.052454406498746865,0.054703447742195724,0.04612825643389353,0.03974812302749012,0.053669163639796236,0.06263085763740527,0.04514292300627475,0.04790174120573286,0.04661384899050651,0.06553406615273515
61,0.05607400569843814,0.03244451900544771,0.0578905514311141,0.026493350384430597,0.049816487823775776,0.10641966583267319,0.04677842588579574,0.09553294134292323,0.04608134749473053,0.0817118078498492,0.038608510648674245,0.03273915254969279,0.025595424313652193,0.07836877792726754,0.02817705360135017,0.03196967628451706,0.02614408546899138,0.03276063364683126,0.05480135265755183,0.051592230152293306
62,0.06499155519664342,0.051584395172707784,0.04861461150519609,0.049746352072781136,0.047760425058209766,0.04870969581972436,0.047485464909857715,0.026306992274896232,0.05159985307423271,0.050261703561675225,0.08391475402430222,0.043026988430298216,0.022118498826696576,0.1144681053528259,0.04573130471630126,0.05142511455303454,0.032915252180887304,0.0186507342834105,0.0790475566870264,0.021640642299292676
63,0.046454200612400874,0.032857966631919436,0.008494194121832369,0.03652131085806359,0.03828205811111148,0.028909390278130467,0.060944432710460954,0.03453393490481879,0.060964650770344214,0.09757709718758201,0.02922401495376245,0.04820650719811774,0.059388286247354496,0.10196993469566093,0.052984160207521315,0.0572130371867758,0.026365366009611785,0.039085712183084535,0.05477589334781028,0.08524785178363647
64,0.07022262372331636,0.020667774020539972,0.047709257807960016,0.049287383951869095,0.04756915464869736,0.04639109400197025,0.03934182030705988,0.027481013229153445,0.018826242064007924,0.015100617516256137,0.053231316293691225,0.0889091490699212,0.01754136593456471,0.07247925350335885,0.03953977852104735,0.0989430582551476,0.05797982595566008,0.021120699424186203,0.0608573359199896,0.1068012358516027
65,0.048739128484434735,0.06418009559635658,0.03882280125655757,0.0372855014432265,0.0555100414856204,0.0522253560913665,0.1192253572452563,0.021596902153805955,0.09751835100510936,0.0565848186830607,0.05968185379452004,0.06016006401821718,0.010831450536365661,0.04151114954965718,0.05583677296048167,0.055831788813131764,0.024223523583266734,0.029523863953045522,0.02558683325722671,0.045124346089292916
66,0.14575803240406984,0.04187334696251161,0.0432351907870123,0.04019650552845695,0.042218190795859985,0.03867683212254796,0.030462934627087004,0.10295670741446838,0.04648278916762279,0.0273706313498577,0.08102730245766093,0.020882354207983334,0.05733056789420128,0.046183461810597584,0.036471310702775955,0.041645294683078524,0.04432039082424903,0.04619781927580387,0.030653517755327545,0.0360568192288274
67,0.05005463165068451,0.02351369497932858,0.0503003885982491,0.02580732996083247,0.11901127941224972,0.04695443395167708,0.022608308044180833,0.049371075072298945,0.02853685049841356,0.01355359181729534,0.02576029499174482,0.079416869048065,0.07049594290956793,0.07421153655764985,0.03197406570575953,0.08863522820911196,0.06878122413417022,0.06767453669794489,0.038618124882235566,0.0247205928785401
68,0.015351175540941718,0.03785250576506012,0.04032624622186914,0.03252022124315516,0.03366320890109869,0.047372340964509464,0.04065235293867935,0.18776962829504878,0.017612082957421768,0.057061913841878684,0.07915917098758433,0.0345924480222417,0.01061664192102895,0.06709783013066409,0.01379894411624283,0.03476243253697925,0.023830098389507504,0.13585847838122578,0.052008153324305,0.038094125520557735
69,0.021349813185309097,0.021553086933002338,0.03209399061432935,0.02285754882751148,0.09300929487848542,0.02583815882619778,0.116286327182377,0.02393970722562365,0.0376477256089542,0.06554526174782821,0.10610602538247403,0.020521083265976733,0.039103752405813895,0.022226252133228423,0.051608427044508486,0.022807228433914275,0.025324571257828547,0.0236961789477119,0.1153773152662013,0.11310825083272388
70,0.0650451969828446,0.04023942285664668,0.0386072325950173,0.03594881914679753,0.07098603165357932,0.06814898709219863,0.056183110884743585,0.03270171475490571,0.03333668139334513,0.048367786541181,0.04152507510498865,0.04587675293822812,0.013418413957750753,0.08318982524881394,0.0470715194596257,0.03975452984934865,0.08188929221594413,0.06592553717211173,0.06151527621076341,0.03026879394116545
71,0.02238778783117791,0.03479821005395162,0.013226029600796855,0.04708882319758658,0.12075439326400829,0.06344282655029111,0.04229496561880035,0.040307647005006116,0.03514279868083591,0.053293624409158975,0.07983634201198433,0.03764034231973281,0.0402384617199333,0.07137735136527455,0.027258457967695982,0.052316782385207226,0.12019380679622665,0.02287001650977121,0.04112605768260223,0.03440527502995797
72,0.03401429214431967,0.04730529910498642,0.03735431219930261,0.030393717117170285,0.041970262130096775,0.028260652443610604,0.09777889548846261,0.017525582929179682,0.011073038888362835,0.03878697197884437,0.07507457407020411,0.04354667092696856,0.09062570353779592,0.041496357314733466,0.08869004313157643,0.06395273501313249,0.09258465280480231,0.014411942800784661,0.08003793798467289,0.025116357990993304
73,0.05779490057740745,0.06674774605431234,0.05100387986219608,0.029644023493300437,0.11628289645128291,0.07024353472555661,0.030261554983016338,0.08213752183561439,0.03736483148333295,0.11628284129300967,0.03611271481979096,0.11257683099171566,0.014406280958170424,0.024477415438502834,0.010289990173619722,0.05128396608055823,0.0069431274113049566,0.013062697139439725,0.04577894228213873,0.027304303945729566
74,0.07876554427140726,0.1824853580209088,0.023075763395956777,0.01639691106260912,0.06216667863048156,0.032013596402948714,0.03101104719591562,0.07497541780348851,0.13066027830834456,0.02129322310945264,0.027936813433528794,0.08494224135305094,0.017426356948662916,0.021012896211464828,0.014473473436209494,0.03253513897890185,0.02488007615057554,0.03883135481418762,0.04555592985028786,0.039561900621616596
75,0.055781256011366444,0.030832058176750762,0.04946311694372042,0.050458251582276466,0.03496776946226889,0.01574184223069799,0.032340710993419994,0.09942042736453816,0.05354907804693313,0.030765191412874343,0.08475902646838872,0.05164632064899412,0.044634863776315134,0.019779867064775514,0.023837555123770726,0.05443372653169672,0.08797261482781091,0.10117048709583677,0.03814725261366847,0.04029858362389633
76,0.050974797702905444,0.02859282708353416,0.043506645237039274,0.03546598200643257,0.06888839630659817,0.10913332980908952,0.033358653836595566,0.02174536182690245,0.09115328872325085,0.027092806443309657,0.019001393171664722,0.03688434873232161,0.10158651197521594,0.0880219255122084,0.020629249826766848,0.05776254858908786,0.0826667022379642,0.013067461473542931,0.04567647365703146,0.024791295848538362
77,0.07451421251542906,0.06841505326545039,0.022295840907116986,0.03671100093040641,0.0274515483791463,0.0802443295586379,0.048077813337980585,0.05307743932664421,0.01832583301855226,0.039381892266782764,0.04529636652945403,0.02593774461975197,0.010734550761724635,0.05248511348906225,0.026804702487528066,0.06907684266080698,0.04743733890535602,0.08605265540720204,0.10558525076690255,0.062094470866064615
78,0.07857650122273628,0.06450122002291463,0.055627566747845275,0.018347147647737153,0.04061392547410027,0.07842511235400028,0.05339751204875689,0.05065886138479581,0.056004702440818094,0.0381492246035443,0.06300713266075747,0.03322543063232188,0.04189794680479485,0.041854138214614145,0.04975887424553541,0.02424824822872335,0.014126017446727096,0.08166220245161478,0.07132227603301705,0.04459595933464499
79,0.03379590015772515,0.04488828165452984,0.008451759862187814,0.0329680053363808,0.07007391658726324,0.05094551351416397,0.038856830656191735,0.05654992000320798,0.0671485773568218,0.04782733117260284,0.041833297051041496,0.03882322885623878,0.0769160271244824,0.11824191121933232,0.03812814647543754,0.04975768498235976,0.05406590554216191,0.04470214155633157,0.03562699523877443,0.050398625652764664
80,0.11019031199459454,0.05170810831533924,0.051791608399792195,0.04304920274158551,0.04027453323628359,0.10520058104360337,0.06533528758306181,0.051792470651322677,0.029606670609986167,0.031745030042310204,0.08114439281083177,0.04046939644987257,0.01692040266333899,0.03721387184402057,0.05076429590441625,0.050710184429666745,0.0071894231345895334,0.033720469610032645,0.06865012371778824,0.032523634817563325
81,0.06893267856394274,0.02867634647715442,0.08987949814984127,0.12220603585381944,0.05524815761582083,0.05730581436146414,0.005649402977644004,0.056129830718917785,0.01656323631681435,0.068692615255033,0.045402093233570875,0.08061002847984777,0.043955304348697564,0.031181641914836696,0.022130560989083572,0.019611449857503113,0.06787656107921616,0.04378024349875906,0.03478392039633701,0.04138457991169624
82,0.06220477812033631,0.03150134284459647,0.08266879638044582,0.032372170848226474,0.1065118149374779,0.0377335119482829,0.026263558961140035,0.0856458627445492,0.006175393648177339,0.08554018085559041,0.0455586327561641,0.033819567044129514,0.02717054721440141,0.051915191457897504,0.05376426254575665,0.04712467368084707,0.044827077873111264,0.08878720187193301,0.028057047723436472,0.022358386543500124
83,0.07667196321319336,0.025016127791397277,0.10719824192981978,0.11530187017084866,0.06613410216515038,0.0734624779396695,0.018316262827416652,0.01755395372060183,0.015158727347555601,0.025527929932682308,0.06656733948287294,0.0703723407875513,0.03371673059028022,0.08037565920267084,0.028672238683290174,0.08309889767196389,0.013024159290567758,0.05446851196856347,0.02179690050334511,0.007565564780558954
84,0.06381716193582411,0.07044589020831751,0.04622188483552232,0.04480186020031688,0.04500040713443347,0.021320259012430103,0.049543784921686845,0.06114649641441638,0.04410195112345712,0.03343392592237866,0.05982021905432901,0.020833581459963203,0.0186308937906544,0.06270593284059128,0.04177898301793284,0.05761021015333106,0.0370471648273924,0.06035671035206451,0.09287111063732073,0.06851157215763713
85,0.009928125169516442,0.0511160381762474,0.01790973229271472,0.04578106004612397,0.07830298165328341,0.050428189378899715,0.049611743891590086,0.10162888114339455,0.007369284239424576,0.06745583467928863,0.027443429527625494,0.05527145967624289,0.04858743979053799,0.03768677048457837,0.08379124825992787,0.06982623122475894,0.062406424874553966,0.04903748041124134,0.03568126034061633,0.05073638473943332
86,0.05769974057232281,0.03899620299646612,0.03954568645734901,0.008327474285790304,0.04609670327119554,0.03490158320934032,0.059307499808558456,0.13995178707858158,0.006742665330656686,0.14026340243822,0.05448157692603932,0.04732252541236934,0.022473664707839215,0.07304735414167521,0.03206650583833102,0.032853839097267065,0.04219335472367344,0.05986620789934963,0.05227602556530436,0.011586200239670594
87,0.0702187490711772,0.025279950161476772,0.06052271670665916,0.04004172451003013,0.09550345830404548,0.02395452129140443,0.056898059299476084,0.019629954603963513,0.023902242699534424,0.054804843292159934,0.06820472697037765,0.029330861241058187,0.07542071765973785,0.03575659787293499,0.044389645339840786,0.12401101572926507,0.025294482785945357,0.023216449115990592,0.05897078021886714,0.04464850312605528
88,0.13070279065842272,0.029979114351501034,0.03284804372902278,0.08672977773448068,0.02329562604284087,0.056887682857930076,0.07942496615245083,0.041876896553837674,0.04871620523051525,0.024660941351788986,0.01550105928799411,0.07742774421295963,0.052096579568037586,0.05636392577285466,0.060025396184293096,0.049296511764624,0.02165733460578371,0.028009766593322417,0.041051412607362156,0.04344822473997776
89,0.03781774578204743,0.033107381752353136,0.012610763082142625,0.02657718046654699,0.08037581492264807,0.040998375066234626,0.04678485617954206,0.10027598903052076,0.03341223773699387,0.1283187776522043,0.04506024505012756,0.02318615371222208,0.027893316096649783,0.02197770480076166,0.07471864734699785,0.024877030003602717,0.0672050078863422,0.10789266879557713,0.018578746886528025,0.048331357749957116
90,0.05042191502411921,0.04210311706966142,0.08898406213608626,0.05012801163615678,0.03585711361269488,0.0801666965428698,0.0390714447145954,0.048206672218909306,0.07157840534555708,0.08083181752241181,0.04127784514218557,0.05099004660178858,0.012195364265382525,0.04303024225736307,0.05250623797494423,0.03836088391534565,0.0581128699761254,0.0232568699487625,0.04955878519827865,0.043361598896761874
91,0.1610056154336356,0.03384596104938908,0.02548609987841509,0.0890724184731395,0.04523256529420164,0.023405475847409086,0.031158620075951445,0.03687939596216544,0.017116981546561636,0.03579337473553705,0.050558504459196914,0.020891416829408434,0.03840003167971496,0.043537606616971446,0.045561780871702595,0.10384895252020608,0.053269837540426156,0.0801425380422699,0.04951517537120743,0.01527764777249055
92,0.038245831490015675,0.03715011946474206,0.048768340811482416,0.03128877351155846,0.07814087080445,0.04029269923749114,0.07083661132829151,0.042733046075410966,0.08032886769329482,0.06214045968372177,0.06383248635410387,0.05634288941102961,0.044576341047122284,0.11490887322431713,0.027505355022726576,0.051517576135179696,0.028346838541443167,0.017971582789831443,0.053503103781263016,0.011569333592524418
93,0.021216792165752663,0.06633427460320222,0.04030313673684493,0.01816352922078774,0.17648151899705566,0.034106791517186846,0.023488724573214766,0.06119422820539337,0.059972997644157124,0.10594509844796021,0.04978231208962549,0.039215226284818945,0.041472780220202135,0.034995616499226605,0.028182188846268896,0.08125978683591022,0.0287222564158472,0.023732145259296296,0.02939912138254922,0.03603147405469946
94,0.033678974278330664,0.015700376807529778,0.044981934278106796,0.10549412163155085,0.04606051622277277,0.021908833842039815,0.06943488277926381,0.04325846275070094,0.04475756137552366,0.039142112922816066,0.05007857157605241,0.08066288034456634,0.07046466868426311,0.08364684947854305,0.01832416377125656,0.05024392186732579,0.0796066232628047,0.02387103892054951,0.03755468177256369,0.04112882343343969
95,0.03314302683647591,0.09650925092485498,0.026580208421918536,0.014570713628696084,0.03849110038394365,0.06469652509566544,0.10386686388331598,0.02933868973166475,0.05334043934141499,0.12346268166781092,0.09000335666305154,0.01605414931652036,0.028120193716345495,0.015897337601457572,0.016436819532765504,0.0691181061000439,0.034920311396322526,0.04802196911406162,0.032547568683128345,0.06488068796054192
96,0.07345232668067017,0.03127714430901382,0.06802129066717158,0.022965062361035116,0.11832708838575824,0.05395586256336098,0.01758701562812116,0.05168814585796404,0.04001762333032752,0.02052324643759172,0.05478510772924068,0.04308789154151283,0.09656750851227339,0.021114516398905735,0.02128312182400868,0.013999112904638514,0.013095638809827696,0.06539720555115462,0.12128721103682343,0.05156787947060009
97,0.0471350730292558,0.04066947509763321,0.09195519249103593,0.04170507004689123,0.08183404002509324,0.028480293221230225,0.10888061236134045,0.051384706831553204,0.06259724634267191,0.019031970405974475,0.038662961934572526,0.051604171255126605,0.012740365701755307,0.025449039103927453,0.11051029593703697,0.05149815895097862,0.014157559092855829,0.05299507316473101,0.03387168845572405,0.03483700655061194
98,0.058120179221194015,0.05239817235842505,0.06419270638487057,0.02052579036013235,0.04450723023708264,0.04693587308651125,0.08502774316838495,0.0378951132513854,0.027580813550708842,0.03623725434805696,0.040346717571610055,0.13128867321293927,0.07754506998015649,0.018147483806040577,0.008541536961535813,0.06808673646033842,0.054509930256301006,0.02714629586410557,0.04030297735624174,0.06066370256397901
99,0.04690452848454734,0.059103940061701214,0.03481468181246208,0.024863227307507892,0.11254420360197094,0.07500106982347984,0.06725104908113134,0.023444859343853354,0.046172166956131834,0.03764054366663472,0.055172650499575045,0.05698686879924569,0.04472234706322386,0.019617076301975237,0.05904384323275778,0.04189161823832518,0.015621323461018185,0.05540541943061248,0.07962845131979315,0.044170131514052836
100,0.0207885595780266,0.01552227272012733,0.020635733781304347,0.10650053813301709,0.07582471352793571,0.047659327076113096,0.021147507151332366,0.03083545085872316,0.026649952501286385,0.0994436519695821,0.16522512211490475,0.0473024543136321,0.016256165586338533,0.059693545188616574,0.024303837255051728,0.052770472633943084,0.050682125819059835,0.05023151942222608,0.021762660326980352,0.046764390041798734
101,0.03774408226933457,0.08426443203108759,0.0478266363736529,0.049053992941104116,0.026625146468855054,0.09222408154560069,0.023518966372167903,0.046308214163289056,0.04305249813840427,0.03653036679761786,0.04607533137883123,0.06535045202928967,0.06491172696064079,0.03731071269865355,0.05002651254178615,0.01910590512302828,0.014240077717568377,0.13721619175640234,0.04951800694737669,0.02909666574530893
102,0.06418349090755517,0.03728960489503473,0.053197900756861836,0.06789716185406657,0.014545752199672725,0.031252029000175596,0.13532665073108893,0.039886325680080915,0.056359274323207274,0.07475739131174387,0.042432589161337596,0.04614862460342373,0.03437759613192364,0.044543026641678696,0.055331172980458726,0.06626763003289968,0.022662258515694048,0.025997038859750216,0.03478570756603799,0.05275877384730805
103,0.11004974102918318,0.06638999097629666,0.14937117404795186,0.07482545862148214,0.028219289999792396,0.033275684458776746,0.03046324821445023,0.04604070201750194,0.019699924016165903,0.03922440631302729,0.014526994102743803,0.06869217114430413,0.015348184682251654,0.09224522624852889,0.02255927310337176,0.04523441322277045,0.06582578333787589,0.02576256955044381,0.036758999004082964,0.015486765908998296
104,0.04062462976222214,0.020224375503821005,0.04716231896710837,0.07039534587032767,0.09415438233884352,0.04001898455345392,0.02169626363781994,0.026799340610046254,0.04761509862854784,0.0692126094238811,0.16694227319598837,0.023897448516297336,0.020002432459604966,0.057152106441735864,0.08002539063909851,0.02713319998505985,0.03087364377529405,0.05098827534464703,0.025645127182943615,0.03943675316325868
105,0.08215379156437035,0.02152845328627731,0.040231197868599806,0.12653479550196128,0.02982968354365918,0.011601596924658219,0.08914116547664433,0.036052854165381135,0.041950340297781955,0.09224942437972156,0.058839517404831045,0.07197324497576471,0.0079776920082335,0.06291643375222773,0.06665215130659773,0.024605546677986614,0.03736455443486992,0.0065030275500191975,0.027155483258301433,0.06473904562211305
106,0.008832291746550602,0.02659335225826432,0.05880967514277647,0.05856081017419194,0.04749274092150213,0.08114294932854653,0.05102677533533494,0.03887553565615833,0.02246545859522899,0.03314308279555085,0.06664701801324764,0.09335863970730704,0.005639477700064908,0.07128864137650147,0.052425505730540986,0.0243907190842732,0.05585614448673376,0.04287058208872875,0.06991046429151325,0.09067013556698389
107,0.03899536858431325,0.057501309804132344,0.2232513240414106,0.03731583487722446,0.04543308537822677,0.02754701361309016,0.026330862208648307,0.04865439781036309,0.035687272693319755,0.055325433579920515,0.02844704316282951,0.02546616758659876,0.03574450536925746,0.0826561894973576,0.04845310860826208,0.03358163081642979,0.027372133626128847,0.04612472474743396,0.05380338998358441,0.0223092040114683
108,0.07993366081791992,0.0369579822963877,0.029672125218772386,0.014588100953723787,0.0640585622100635,0.020542159764871875,0.045692405626986385,0.10571530257729332,0.016336715677510074,0.10470218685914458,0.044951230989916914,0.02807919538910909,0.035334805244126195,0.021442861295255102,0.04609668316265287,0.02908907724920988,0.10499853238885157,0.07223157250899262,0.03185228891115913,0.06772455085805304
109,0.00964477071502462,0.011270411118592642,0.09079091433228817,0.042257203447728285,0.01270246691873241,0.029509920141027907,0.02863857481168921,0.07416952730892942,0.07138292419982434,0.10200891499647835,0.06927868577986566,0.051290374724507384,0.02037706301564138,0.09709522255374317,0.04564034923787493,0.02888342299654795,0.04097913936645055,0.07244241344409919,0.0639659986062862,0.03767170228466823
110,0.09521900409194417,0.04425748528955396,0.06645775920408624,0.10847532082877218,0.07296077379278496,0.06887083025058788,0.02748228697617918,0.045498155851030585,0.021528314057786435,0.048087079673016356,0.06407534218134175,0.055735703611863,0.011985611692276127,0.03777595553932939,0.02090909408401735,0.07438260734482326,0.05926314091459485,0.019693278260677835,0.03233333686973094,0.02500891948560362
111,0.049339072503445366,0.07179017772598385,0.015756015048094627,0.06784873319403227,0.052072330292934246,0.026144913287420756,0.06911899421777973,0.023734467601059732,0.07952670931853063,0.08096334117138218,0.04624449704626967,0.02924475933587128,0.029280721872484417,0.05625493591926944,0.039033761796187,0.033414459777015196,0.06922045668912015,0.08787717826580597,0.03648006653036834,0.03665440840694512
112,0.022777430007976968,0.023073129218032444,0.05118515689062062,0.01843311887025983,0.07174488531609512,0.03447772942602386,0.07600286533029411,0.05705089664119639,0.04507294225776805,0.09900311479572535,0.030627802214577,0.03821102458828989,0.01486092525276985,0.04675539556212741,0.052237183793020926,0.04470154596348176,0.037941365469183405,0.048500104154253106,0.16455319342954558,0.022790190818758275
113,0.04942604538390622,0.025656346751600893,0.12621499239924566,0.06888233913548172,0.08230618633599243,0.012028684878013177,0.1087791970409038,0.02061637882934774,0.039835801854799624,0.031172811538415175,0.04148288080764146,0.055837099578131086,0.006794214488849447,0.07554406487856691,0.07263862744774692,0.05474883319952667,0.029469805728407947,0.02335821754761915,0.03736595272585028,0.03784151944995368
114,0.04792460958732207,0.08617828818550946,0.13721056504657475,0.11911452466943656,0.0791147418916843,0.025613038131837858,0.04637013630025675,0.011345835939339617,0.02369476184388383,0.03273949889290678,0.08141648861872063,0.03882251987358367,0.014749559527347841,0.059973947568736106,0.012291210379916687,0.054598703364056686,0.023348319197203826,0.04191119554326324,0.01962919081720141,0.04395286462121788
115,0.03862388445063391,0.022603697322754995,0.02119831415135442,0.11772716462510166,0.07064337269635092,0.08019545697895276,0.04564137991784226,0.030676154936847062,0.05509751321925137,0.020921022832650585,0.10304452276506892,0.023997579996853886,0.014094527776344947,0.05923982189462648,0.050773986158471826,0.059552841361338996,0.06746111902003532,0.024627762729609707,0.045241951433262186,0.048637925732647774
116,0.07002428836626831,0.04525675720613388,0.05696496151180768,0.03864768134169283,0.06064966867444059,0.014636060095201728,0.024663988876318755,0.03402177066175424,0.035505661959358996,0.15376625714446646,0.05655621724989421,0.059962660037418666,0.0447696777932678,0.02146585923499806,0.06854329914400957,0.0537171801810324,0.042078029772828596,0.03410082118661763,0.04517580114104126,0.039493358421448334
117,0.033304834084912895,0.02598004750987453,0.0485464084161179,0.03262546295527581,0.051405280215129155,0.03259191086520202,0.06314861444649371,0.020584430259825627,0.05417595157568355,0.06848771081105696,0.0303655877415777,0.07624971173643906,0.021933790437526305,0.055966941636680485,0.062331757888837,0.06075525019294621,0.07816100933443275,0.04181687914430849,0.037231173996284124,0.10433724675139569
118,0.10702368535139653,0.021302700469815885,0.021225386033273716,0.025617702264415777,0.038522685374852025,0.061883482723672605,0.12123639781880498,0.02525362477849094,0.047876889222100635,0.013569508350022652,0.025058659150421124,0.04437124050505678,0.12257869718326793,0.03203338172584338,0.02785582125182321,0.1220916024630661,0.058177460669022435,0.04107201436886319,0.02631176605784323,0.016937294237946918
119,0.07559750890152435,0.19405309255268569,0.05057763841003171,0.0479740066762843,0.02430101031206103,0.04204845235153802,0.012510062714576713,0.0200764874294896,0.01939371406314599,0.03064135289850347,0.09512183665224645,0.06543543119275841,0.03340488438538554,0.03840759700266686,0.04163163011607635,0.04560032150483714,0.03350220455895979,0.05215606852971799,0.04301352444226091,0.03455317530524968
120,0.0432672471735072,0.03412604296035459,0.0267777534500771,0.018313544565720097,0.11836172081451243,0.022485462798012376,0.015002418684813699,0.10572702866404161,0.05506052552880874,0.04354679754451004,0.058656507555025494,0.028977858262345897,0.03356723130689,0.024488740525197724,0.05270177636317327,0.027221935433648828,0.06624380642354634,0.15265149487824903,0.03974950400209435,0.03307260306547118
121,0.07856345645965007,0.013983865159051015,0.01239790531061469,0.03632792239450025,0.05803170387788834,0.04359725115155515,0.06961606608697629,0.02853716620091076,0.09924851139869652,0.03165476832544311,0.04492096349481287,0.018946975256892613,0.03993761820230706,0.06120291560687528,0.07396568705666041,0.0382296928812656,0.04632801242360638,0.08226261320118329,0.0576553460819094,0.06459155942920088
122,0.034658968851692895,0.015009408519063022,0.06420398704229635,0.05354671565781444,0.07662381470665065,0.03050239754304704,0.03230835246443314,0.02001418401113168,0.06301999821093943,0.19589994134789515,0.09526119440027318,0.023746339976793703,0.039693958048498706,0.031198851802348083,0.018997508060408053,0.02363181395630032,0.047494585828940936,0.0740136961398313,0.036579401382574574,0.023594882049067335
123,0.03381323114076762,0.043100327621765626,0.01457495628974568,0.062342243624679224,0.027835148801505533,0.07287271856521087,0.0726785947511991,0.027113045478536213,0.06600710990285827,0.022489918352179318,0.049814400206377334,0.019225690883122225,0.01874877309471352,0.07057748297081061,0.05562216302226489,0.027339776787506584,0.1278194326142313,0.08041196670452087,0.032163269136590046,0.0754497500514152
124,0.05673354798662317,0.03903237115822839,0.04849547262924405,0.08774363504474507,0.021613064205125165,0.0637313151022115,0.05492054351077527,0.03887847785991634,0.018058423763598036,0.05059504865351527,0.04573116968448882,0.03896147617358608,0.12106402860503468,0.08112836693141975,0.039586934350060776,0.024914206586983453,0.018319700913506314,0.05676702939247361,0.049215816873022504,0.04450937057544171
125,0.01875810672178728,0.07143497372196778,0.03235249488830734,0.04700148688272749,0.04619732915528523,0.05839080639854925,0.08958200348924245,0.03296969420155214,0.07143409497684738,0.1309642661732031,0.09487323540953839,0.027966586986746887,0.028417304258532568,0.022990611823921064,0.05672182264083099,0.019379695123217362,0.014078270323645111,0.036640447421783504,0.033653557304645566,0.06619321209766911
126,0.014437509587442008,0.20757620391980544,0.02484525019583872,0.032027504364847234,0.04868357513137888,0.05357132000348031,0.020940253593622678,0.03219215761340656,0.034993133625219726,0.02526955918875982,0.043803263704595266,0.044178811507507194,0.07793531663982348,0.022831157915225834,0.051854807982244656,0.05745123250367209,0.052720480129053206,0.05206479516919346,0.04886161940628041,0.053762047818603026
127,0.03262363950253567,0.023536445602019205,0.03151332267408313,0.11067996025588302,0.050877431485965754,0.05783867392937784,0.017816326093841695,0.048397195791750065,0.07362437029802511,0.05773916787536125,0.04526592013741116,0.06499657397069843,0.011917322845399236,0.019418941436563652,0.01875112351493957,0.02963321601363107,0.017814790538154726,0.19332723524379233,0.023232414715106876,0.07099592807546014
