site,A,C,D,E,F,G,H,I,K,L,M,N,P,Q,R,S,T,V,W,Y
31,0.0775441512901532,0.04903017763250208,0.05167826326413901,0.0504584028170507,0.049818433453942206,0.04874146583131758,0.04958966153225295,0.05344220796553507,0.05082668963719358,0.049796061645595434,0.049930012998028815,0.051368293828865895,0.05251125589310435,0.0479380049418501,0.04729411671837593,0.04846247108388499,0.028493812646967365,0.0435200689682974,0.05250506159531315,0.047051386255630184
32,0.06516432657768952,0.0711229187030016,0.07959887552515514,0.08602103200358607,0.01730245009326251,0.10395449075300184,0.04072668796788819,0.03372209307507302,0.03464907257518307,0.027892325258464617,0.04873699871222347,0.026937005564192096,0.04458116158900318,0.06703789770576309,0.03190479656172692,0.09524917958127561,0.02222556170630148,0.029761545089175844,0.04250721572550372,0.030904365232528985
33,0.059634147835558905,0.06636094962435495,0.08968738940618144,0.0516734533820864,0.026830833503731846,0.0486783309769408,0.042588615276307036,0.020678408669541837,0.06895259334137804,0.021315802856149247,0.04348840869841789,0.08430537896900596,0.019319046726873446,0.07999579172919215,0.05872950935608978,0.06472783159370012,0.06092075323734917,0.02378856108448141,0.03711144223418226,0.031212751498477326
34,0.03948723315773213,0.023937469291925653,0.04866651262315414,0.06428836608519785,0.05920710334819821,0.04330198391806613,0.01936055701521237,0.05623503953108847,0.03063191981183175,0.08845083635557893,0.04576585334804465,0.04162091081692009,0.03383352936614423,0.05024141359004433,0.07093402648228377,0.03661237487206613,0.09823982979365181,0.031740909576588615,0.04943777900127414,0.06800635201499662
35,0.013759360877422447,0.03787954906940047,0.03338766922492728,0.029122374170396936,0.07395929101095679,0.03309518490020627,0.03373287181557146,0.03965106310395051,0.027882234312006277,0.023127497602067486,0.04540300525027894,0.03873963740999029,0.03829008694169839,0.038256652123746834,0.05409315210157819,0.022219515892897338,0.052067642006415886,0.04005934821283632,0.1788035855823972,0.14647027839125465
36,0.048399831737056635,0.04426893720275741,0.03669375733565364,0.02944463954269491,0.03668382708504305,0.04048820189927136,0.03721660896208442,0.04563637141372592,0.04030119438724086,0.03154145756388921,0.035753639592068794,0.04526988417222364,0.04205908531016661,0.02768649568340285,0.027651991147471595,0.04524829251068694,0.13210321032754443,0.18769667965440764,0.03671694975276118,0.029138944719848913
37,0.03465066567845796,0.04798528870578095,0.0313259146719288,0.02977829760981256,0.03902701256876383,0.05730204991548373,0.03254602516113953,0.052188196080879656,0.049196653724593135,0.04252797003406133,0.03439540582961459,0.05229924971433466,0.045666594339922345,0.02330223081654235,0.04717985017328399,0.0719018559192409,0.18112832239737,0.03460045316107053,0.05372050088738598,0.03927746261033321
38,0.04215213436308198,0.04369426179827729,0.02610907493821424,0.02451303163363434,0.043976736812297,0.03141031155164355,0.04438493031018747,0.07988514056773094,0.04274448747541907,0.03117896652073639,0.03643610864879849,0.06288651210693505,0.0390793735968215,0.08087814761302127,0.04270390193609274,0.04641378604726545,0.026269802104621404,0.1823018211245905,0.04443520500802453,0.028546265842606788
39,0.03097654039944944,0.034977892044255506,0.041876442216536525,0.0321282476096364,0.11294491838351761,0.04435823758891094,0.033507652130190975,0.026369803996511426,0.043705447151580486,0.02794351093810078,0.04900851217632992,0.029838600985404095,0.06504994009958974,0.043971439911798006,0.02885469935760949,0.042024742629249594,0.03636446544182526,0.02630855739654919,0.0636948110085152,0.18609553853443941
40,0.04318754368706184,0.04405087515306056,0.0598535744944013,0.04986122119593204,0.06331177139855532,0.028870141393266092,0.03103821911972843,0.01957104444323048,0.027380688543453813,0.028779099255730134,0.050689951396049045,0.042600276191602615,0.035927697979347854,0.03201641006110006,0.025809164287392897,0.026445244032218023,0.07222725827235474,0.0651216840176687,0.04754328813034142,0.20571484694750464
41,0.043636208221245615,0.04707263245920542,0.03223043095075338,0.04776409464058692,0.04439494378258321,0.21179517227839958,0.06743382638631921,0.027400004151238194,0.03300313703832679,0.03329747331388483,0.04857256026031923,0.04078465877862213,0.02962695711491094,0.03406248880661047,0.03889119887607826,0.049984527194041485,0.03995865814146712,0.035035808032983146,0.05064651114522425,0.04440870842719987
42,0.09152488023619652,0.05830164958346854,0.043840997479789416,0.07580902491677985,0.04065546683750979,0.027178820808250178,0.033183072488763156,0.0828824648933016,0.023504955279229384,0.0270527903708536,0.0424126107785131,0.04626131983963275,0.031878164498473034,0.033076733001988386,0.030945637015010363,0.028048843964547595,0.039930942874877765,0.1699190684880908,0.043052988352236345,0.030539568292487804
43,0.02546255736288684,0.05377600569101031,0.05551947454659256,0.025427072873840984,0.06088371423282977,0.06685450353166021,0.03675041852020695,0.05467937239737955,0.032829788490838015,0.02521080863519966,0.04248727351854264,0.019923900912359807,0.2029357463877314,0.05811033064462157,0.03036451364727938,0.05316429076708091,0.03539042420193977,0.040357987547027324,0.04305483881341333,0.036816977277559025
44,0.05750744638558931,0.07522891562158275,0.027737991834921913,0.029894646758641286,0.02479339034694744,0.016796351473740624,0.01404137605043973,0.08057158802014121,0.12734652216175135,0.03175008618336457,0.03772687705389596,0.04205435698825131,0.027829093470270006,0.05949544031267743,0.037953549784985156,0.07212790227220216,0.028060897383945863,0.15137891533995038,0.031112174361857144,0.026592478194844376
45,0.05250334389130578,0.031561297669570366,0.03429279466265291,0.030707396198176404,0.11969734477643414,0.025325508598505766,0.022891913234292804,0.052208453142970596,0.040251240628840175,0.02671402618347842,0.032354536733507695,0.028870217863524835,0.034838873469173005,0.07519028562935642,0.027524173611825065,0.039358670768884545,0.028259933468671655,0.032379196197551745,0.15254702335058792,0.11252376992068974
46,0.07177112208503986,0.07801112142547634,0.027353152141326192,0.04348672022510764,0.04076418633229107,0.03459888631015208,0.08539734452322571,0.043416027683856474,0.06902319423781776,0.04826447684658277,0.03913195975138522,0.05407428604624424,0.035426492860828086,0.05765904008084886,0.03760147768605413,0.047693135304060774,0.046276549926576954,0.04905309149731101,0.020018519856246222,0.07097921517956864
47,0.07158606159821446,0.023296303133757672,0.11232406788024207,0.10303118588634501,0.04438539468669639,0.029219363211149058,0.061982152091079684,0.03055486311154206,0.020289652669644657,0.01920575587807065,0.029871688597502517,0.030865894779691854,0.1154425813398009,0.037021531356769895,0.03086957016939404,0.06476939289935413,0.05022960728958281,0.04464056164248836,0.03817264057574542,0.04224173120292842
48,0.09017478175128583,0.06503879628608565,0.06689562910418284,0.04850730618258639,0.047946727375436614,0.09016742458317957,0.0530463228145967,0.048653500570651036,0.01845746020686045,0.016371560520186484,0.042198470608355715,0.024726789872860023,0.018246929018047402,0.03308383965232265,0.018247221947228557,0.06445349068599938,0.0942929606154208,0.0437832541972526,0.08534047580125263,0.030367058206208664
49,0.05235209975420221,0.039529016779770075,0.07934493207269877,0.05869011334830367,0.04969516712341867,0.03117957717596583,0.05059812670877817,0.04340079348518638,0.039411220347282686,0.036172271819429606,0.07767962651496874,0.03174278584774973,0.019694100862565306,0.06783199202271119,0.041081367276336746,0.058809907881299334,0.06363129365607827,0.07164002290035736,0.04957365055791141,0.03794193386498586
50,0.07166313710766876,0.07632851986853205,0.03132267968092009,0.04820058532649285,0.03993329742239294,0.05054344574267607,0.02380240351774542,0.04674918490759128,0.03278794278408912,0.03936366359287037,0.040710910262181134,0.030889006337175246,0.07706916326503858,0.024916200060796142,0.025738886955690824,0.07835363333757146,0.10989896534743414,0.08615567119364133,0.0297871740416009,0.03578552924789128
51,0.040585762142973124,0.05237639584109497,0.0622015531487349,0.056001831359838376,0.028823554554309915,0.04735680785028129,0.046025950986390736,0.0824360356970448,0.026810802430122297,0.04817407583624858,0.04404760473276279,0.023977980692303707,0.053066747937962205,0.05273701431375468,0.018010724636452348,0.04348665057613129,0.06912547865866912,0.1116965598479917,0.059659684014391645,0.033398784742541536
52,0.030837011298762096,0.0764921918016943,0.059160910322551885,0.042618928540275304,0.04377522322270691,0.05752259666262874,0.04527084087622274,0.06193956395010112,0.02811447325110415,0.16018828350370404,0.05327976865824596,0.04398007422998242,0.030590764162660638,0.041351615860422124,0.03210135868448787,0.029118139297375306,0.027935058975397224,0.055002041107501266,0.03772248965563239,0.04299866593854352
53,0.02534446372750199,0.051209334894725206,0.019837729242832895,0.04066729488513106,0.12259475345461697,0.032846353951297515,0.05008003872911362,0.046525323735404835,0.04163367566429158,0.05219795167710362,0.06461698898702295,0.04283278624474024,0.030682200297679443,0.03257782314152094,0.0365165151297056,0.05867580728057951,0.052529485210184614,0.05681179214761697,0.06494254483634572,0.07687713676258472
54,0.046172321806258514,0.2132394283233069,0.04456040464894084,0.06308008370078322,0.07579444937987889,0.02742950060920456,0.03841760429341202,0.05779995650503202,0.04246582235816768,0.031416667451673326,0.030518073345000965,0.04671316951055717,0.026375888964507765,0.036476267057621074,0.03900373846636446,0.03599706011998501,0.03312795399512471,0.028503916952802816,0.04874980963642624,0.034157882874951806
55,0.15397316567029282,0.040905459245069,0.04191786171204855,0.04189305179617455,0.030740407949291098,0.07891174750013812,0.041216391745535666,0.035170222349593834,0.0335440654066156,0.034717499330850075,0.07600684980946072,0.024878335044957883,0.02897609334620373,0.039678779192084096,0.04616154671972559,0.06487011776018195,0.06375804062066455,0.04770192087539756,0.0505105901093374,0.024467853816377172
56,0.09090748305810996,0.03933554401744873,0.02195681541346163,0.036176837435074605,0.024163177847216593,0.024611736858660235,0.06339886164801332,0.052806636157487846,0.025955656971629312,0.04295838252804334,0.04309763369626821,0.05933115342255646,0.028578064522840424,0.040607451415802256,0.05022236151375623,0.08018427271125535,0.06795176561554796,0.10364126077971046,0.04148518089359957,0.06262972349351754
57,0.05236188288880789,0.05188792424185673,0.07124075999576121,0.04948744210806955,0.048048497080006414,0.043753248343019024,0.05034733400524105,0.04339654546631524,0.04737004105989517,0.05087923742036462,0.04963603939766501,0.06203251548613458,0.052610029146075786,0.052444696763672326,0.047936852037499665,0.05382422630702214,0.045569730849082,0.050320384802267,0.04776869118565668,0.029083921415587913
58,0.04007128845426392,0.0504366421702653,0.04836172073655811,0.05015314458182853,0.04854176915330235,0.05823879953929509,0.05049445311401024,0.04972942224352197,0.05206508264875256,0.05555306096624333,0.054878756287932706,0.05171432717778193,0.03943519214798078,0.05511257098461802,0.05630281813366289,0.05236571390037955,0.03929780851039199,0.05263556928512738,0.04475420530538504,0.04985765465869837
59,0.05093841685836065,0.04836779422679499,0.0572874717454317,0.04760289883206937,0.049647073772956546,0.04789624582395923,0.05415457253559702,0.04284452172783596,0.07443210470995053,0.030132106202962916,0.050532900814253594,0.05268516246563141,0.04865037417627064,0.051036198569303914,0.03731269269301066,0.047286307725529275,0.05793290958001063,0.048696836876697396,0.053502454679859424,0.04906095598351412
60,0.05132503970858918,0.04770406301804935,0.051975528451686966,0.04757298135780999,0.0596773354424379,0.039408392687027456,0.059902216729867425,0.05149729756861705,0.05422438200845412,0.057418416156571804,0.050663413916805816,0.05093875190158242,0.04763975721120293,0.046468143495550264,0.050961567744347354,0.047288878485052366,0.04185738856037485,0.03935917919088344,0.049074856423465846,0.05504240994162348
61,0.03601526882409358,0.0298764802864091,0.05262503830219412,0.04423346156675693,0.0395790205161896,0.08736065206126176,0.06632586227419007,0.07877218301885582,0.04318285807160535,0.08578686597658312,0.0386733807164569,0.04345310558541108,0.04713324179546711,0.047595981776574,0.04804980699865224,0.02089426690590487,0.047978887312713804,0.04894295160929085,0.050095276781599286,0.04342540961979039
62,0.05374438501297226,0.051501181382599875,0.04264590164442944,0.052997952287988516,0.04892048380495278,0.06514194492309827,0.06292568138086659,0.030901347358322298,0.08150692739209527,0.042399647569210545,0.04305671038630183,0.047585969532504845,0.08060910125089465,0.06179540132845062,0.03229063108452035,0.0418529046952676,0.029595988537952162,0.030367323270937056,0.07583138340195314,0.0243291337546819
63,0.05041623154574589,0.042953072507193546,0.0213955883127807,0.04196656308789182,0.05550795340511777,0.04052119665979601,0.04521483077613686,0.040493294654705886,0.07908598289864222,0.06210673775177456,0.04357606187268032,0.05080948368423558,0.07077471942321947,0.061363175926525314,0.05528666198872085,0.05674555015776678,0.03798975311440639,0.052739667837273706,0.04478861327247196,0.04626486112291436
64,0.06503936905278511,0.047975330833683084,0.05438866798949702,0.04119163894220623,0.04134023694302397,0.05785241978315906,0.06018945547184029,0.021154462943141147,0.02978774478505869,0.026722625679389878,0.0533960409846387,0.057268671656200316,0.039759274012545545,0.04912632757530964,0.041908584410862815,0.07635062073242033,0.07541291499600099,0.03939874386876814,0.04967077172026007,0.07206609761920894
65,0.051087110403102626,0.05757057307970226,0.02938872849618743,0.05148109905830934,0.06611499155853086,0.03267649086938476,0.06470501405451547,0.024194235826243544,0.09261008161877919,0.030053327085522216,0.05525641442789675,0.06989812092528634,0.02526390945740141,0.06312991533028993,0.054912360868538033,0.04466935708505234,0.05775300055101761,0.033464780309532594,0.04780268475590312,0.04796780423880421
66,0.09256550538193403,0.04204736169504696,0.049070203902188546,0.045582926504320755,0.04543528339869668,0.0769238121597827,0.034497338327373804,0.06006902027208907,0.041852729538844065,0.0396103379284437,0.057893248915314166,0.042617393614353884,0.042706661276130486,0.058749994636870945,0.03106092718976995,0.0587727553440811,0.056321945725123605,0.04334265462200839,0.036859335910400914,0.044020563657226265
67,0.03221230217500467,0.05346872065689725,0.0536869972841973,0.04299986488841867,0.04946112149443621,0.04022329788272652,0.03727989331716031,0.04018519313335838,0.02489052846384207,0.019797520146105103,0.03741947015754258,0.09597406604752651,0.0733623294756217,0.06501012913191988,0.03565378605174945,0.08332945286786717,0.0823652309237273,0.046690609640869525,0.045409171848500546,0.04058031441252887
68,0.03080911585360845,0.028574824355227253,0.043335427566469416,0.03802223580219844,0.051240581142845305,0.060940957801533295,0.055562998888242975,0.15184846567205854,0.031777760750505,0.07060627426131076,0.0880994292785549,0.04001137629238777,0.016474433377861964,0.038133263421543696,0.028869114761699167,0.02613270147074634,0.03841694557931474,0.06990927892707514,0.049520298285351066,0.04171451651146582
69,0.028789828047486834,0.03945462090115912,0.031449420052109135,0.024944657830550637,0.08642402396024511,0.022813688056439546,0.08238375563332796,0.03559133707274584,0.037814066893152504,0.09520016554952127,0.08542694609493022,0.04933360618667296,0.028911207616836215,0.029772259008879667,0.04021893686188416,0.01250769601267329,0.02436473479790745,0.029072439270294164,0.10778805659297712,0.10773855356020678
70,0.056581262666381,0.038184228918004305,0.03941037811637455,0.04651688717580788,0.06958106125173374,0.06424566773007616,0.05440880370782277,0.07031229079504846,0.03819143230854165,0.031464231499567244,0.04479096438542222,0.05468881456201572,0.014143770856955624,0.08312407320868413,0.03514817022511629,0.06622419811084136,0.04738296450427215,0.06497543503929798,0.05403984969089346,0.0265855152471433
71,0.046697465028615104,0.047567287387072416,0.026626469700624097,0.05570311981365398,0.06452208298917922,0.060739667509337146,0.03150478298049203,0.04796185633638353,0.030548378182958056,0.03601674087764357,0.04826427813564462,0.04368915249613622,0.054776394320448764,0.05142613975873674,0.04016931385009553,0.08573203772305815,0.11019205726250093,0.03990534061628215,0.04515254205343313,0.032804892977704635
72,0.03519918226659795,0.04544075184340048,0.044422486386668375,0.058718674687296545,0.03368175427767757,0.046448436527859516,0.09972697631861455,0.03055924132631675,0.04089487949465218,0.039847787103189626,0.058120151987015006,0.04840666813270209,0.06737614391409168,0.042654394479107544,0.05669012767583582,0.05764566243019057,0.07245686384417695,0.028314276711797357,0.06380466283399795,0.029590877758811463
73,0.054109118534789724,0.04455915455969441,0.050627937634379006,0.03419195415075716,0.0863368456138303,0.06661636398761274,0.026760720833424723,0.060625244963989515,0.03750547452632465,0.0892947417629024,0.05940567898826344,0.06395682384944844,0.016098044439952757,0.08132132951800904,0.018122026258581354,0.06146776208434592,0.03312345281817469,0.030448422001773206,0.04638156117204467,0.039047342301701864
74,0.047592574502401806,0.17380191426261601,0.030869154111720875,0.05820428451384855,0.04104479626561913,0.0331961815277063,0.029668222346252937,0.04549883736853002,0.06922524273038339,0.03142242751873947,0.04359878707566336,0.06392408704471572,0.038357178570603556,0.038526292599823035,0.029312636648845595,0.04836271255735145,0.022051165787664362,0.04494211392588093,0.06048899056528582,0.04991240007634773
75,0.06441127870973765,0.04974835485729639,0.03209124561849807,0.03448451715421071,0.054355799113388864,0.02015844797940949,0.01912469487172486,0.09126036011889593,0.03082362673127989,0.07114253913412225,0.0598606751099022,0.057211471841017845,0.057643829108664564,0.04376829618812151,0.014578693228729712,0.052248654582334075,0.0785863520759355,0.10844214565566772,0.032604639549548266,0.02745437837151456
76,0.0868014512297614,0.023229885997979902,0.053507355721580795,0.03540045291547376,0.040392689593952084,0.09088095017447267,0.04978382181500642,0.02764603115703747,0.048681788341462064,0.049664735830685924,0.04419111823337161,0.053782131539923506,0.1157901240978596,0.053332396743296116,0.021558906402959127,0.052824826094428755,0.04418147060640707,0.023872957268888616,0.04004802495464694,0.04442888128080614
77,0.05681312574776049,0.056138617671022274,0.018154933673727818,0.03466022635034516,0.04307063490146996,0.06258138370323962,0.05903039309280705,0.07423972708621117,0.028487684187041163,0.06411707922307633,0.07196165428403899,0.036804256213996744,0.012281080232767869,0.06336324642324413,0.02525995148791264,0.04558821379106114,0.048318059709805704,0.06978379605520167,0.06969480971165824,0.05965112645361187
78,0.05096117154252961,0.07771586144889484,0.0622730228686042,0.039829501757358256,0.04146057682512193,0.045909832473990074,0.040318449145591344,0.06201733090669074,0.05688260796615289,0.0723499532224815,0.0448259826824306,0.04689203102549643,0.04040395233256122,0.04734133340218396,0.06221772784178631,0.03996554291361302,0.0254936091628394,0.048086660456716536,0.0407174984421823,0.05433735358277486
79,0.0601571114833843,0.032175705830856875,0.033610360759133116,0.036878809524106444,0.07301282642075103,0.04244891627949967,0.04627635495539915,0.04934186840834645,0.038831274507347996,0.04978098799801481,0.04862646459518896,0.04698293844154414,0.06755642665233515,0.08478290308799463,0.03494894124452009,0.04800776238339235,0.060070389724661645,0.05975808630715409,0.050229342696051886,0.036522528700317226
80,0.07092520436675692,0.042642163332055866,0.05778619942171211,0.07731077418781794,0.05410301625183994,0.0638780681293355,0.05574330137152786,0.03653307213971666,0.034963715051298534,0.05169241512475975,0.06966645067194037,0.050301605754547306,0.01070982672842323,0.04917404031943185,0.04496558681802926,0.049931263870700314,0.02020775220970727,0.0360025331741138,0.07657817977403958,0.046884831302245966
81,0.05148407333923949,0.030144052354720587,0.07520120768935777,0.0818976356229003,0.04907620663816322,0.04757110139594122,0.01816185065270774,0.04623596374686706,0.03973020128725996,0.06340906053581762,0.03990828656730755,0.06054396483534632,0.04741252709596419,0.056350753458775694,0.02941672328567742,0.04952917864793734,0.06429550760971509,0.06931601855603131,0.04140418934160505,0.03891149733866511
82,0.04870609322012825,0.03313116717391317,0.07595613058878961,0.047590311771810424,0.10420194042524751,0.04058638227949013,0.03911113646035744,0.06787339367275166,0.014745625171756113,0.06569718544561028,0.05161968016318397,0.05031404469897774,0.03391954781256595,0.05248752233767715,0.04785976508935653,0.04396072410129551,0.04149265142534819,0.05427718675849783,0.04932547562837233,0.03714403577487018
83,0.090750083627315,0.04074514498982285,0.08689878899109398,0.15579192962876412,0.041752835629845775,0.04080824717295312,0.017412372965638887,0.029600324318213144,0.020196070550353645,0.0347384408399957,0.035075202868444406,0.04220470931855038,0.039548430389348466,0.07409908542642969,0.02691739390423513,0.06612087403544807,0.03311934937893129,0.05717610092438404,0.03014143425980062,0.0369031807804317
84,0.04734560202103963,0.054307295031980396,0.04870650207977372,0.04627706551565406,0.03762697835680192,0.0442747295470457,0.06546137415374101,0.0638896491118947,0.03272532064407747,0.04098934932582296,0.060215318499255155,0.020851978899278884,0.022293328937726797,0.06172078559539244,0.04954789100971563,0.05359066684957458,0.059835494642588256,0.07033431726262314,0.07108305408600708,0.04892329843000642
85,0.047477196771585094,0.07168428536081688,0.019178626381632088,0.03992889670558974,0.050764734398119155,0.03590708089451313,0.07134550897241719,0.06810990603858459,0.020528390931545678,0.048313442040082456,0.041021399738432496,0.05228874662150421,0.051849077787573944,0.056826681797395785,0.0629294143988709,0.058228179768796316,0.04047853179935223,0.06172316358833226,0.04084448806126444,0.060572247943591444
86,0.036389742744535575,0.08441256421727007,0.052498622898188595,0.02631002008298813,0.037514496987873326,0.0304442551000301,0.039895319052042195,0.10180126290304296,0.027613617980414246,0.11916871990613749,0.08043143839805948,0.03693573037207971,0.030862613467042343,0.06344577566925741,0.023669425542883097,0.03666497724025206,0.03484248137351412,0.0682297736496336,0.043314122313623166,0.02555504010113231
87,0.067210606470141,0.03704811472584245,0.03333272114861867,0.0566545901655263,0.06207577257498933,0.027622589747891963,0.04653726505870085,0.028639487411538236,0.04676292227330638,0.0691502773892334,0.05568333524815489,0.03721278369341415,0.054400974089904276,0.04207033590654224,0.054104013704703656,0.11114240423737266,0.04183102885657158,0.04798433577052988,0.034205245443622974,0.04633119608339509
88,0.08289079346036553,0.04095262556843287,0.04294125261804088,0.056564536307432765,0.0469418300346858,0.07138676151163577,0.08298491971748335,0.04909543446420602,0.045340683631688194,0.03922222336882482,0.0378242242528777,0.07821964990761214,0.04837383873393076,0.037073223100131746,0.06413952232085808,0.03790532219486841,0.024823947917852352,0.03076978817010094,0.0418013245504577,0.04074809816851421
89,0.0322396895753839,0.029139675732183495,0.029028777227150176,0.02575827277025491,0.04662625963715094,0.030483832753154735,0.07427586678521121,0.07237666209742362,0.03461733089941991,0.08255587224116571,0.053050292961224606,0.03180441572740411,0.03346182756048241,0.043798875463460056,0.05318046850536861,0.029642811424598407,0.0613235218566218,0.14763412402542617,0.04451881717661992,0.0444826055802953
90,0.061593763026395305,0.04212331913802744,0.06042571383767067,0.06201317098617792,0.04954651396132003,0.05564113951642538,0.0388658376631583,0.042938970864134764,0.06333789189813967,0.04844592128577055,0.04059633003999396,0.03752483605311172,0.017422118030760173,0.05645971179129999,0.07840692840399797,0.05128243200181145,0.06646319351623012,0.03517903773058506,0.06013467724157029,0.03159849301341927
91,0.08434211112076569,0.04629508388638052,0.03697334153066143,0.09171910170865549,0.045227098147673124,0.02614704998111345,0.025152613084309387,0.038249818750123975,0.0274676181146723,0.027422636653331486,0.046434732470466956,0.022856499808611198,0.023931614191695316,0.06368147794509808,0.03352074561321089,0.09501895245851506,0.07955889463933069,0.061985995902882236,0.057206372280231586,0.06680824171227116
92,0.041182090011603806,0.0473955416200925,0.049023043677993594,0.04760955152487306,0.0646911829464653,0.03090445876489428,0.06658426126799023,0.045239796031363154,0.06913320986215492,0.042746723498114036,0.05831316770193551,0.056104702731103906,0.06758548525151882,0.06885448705236365,0.04173744452669862,0.04163380213051036,0.04076361340848204,0.03589171822304523,0.04876979421570669,0.03583592555309033
93,0.023134717737105553,0.07882142087621737,0.04619326485173336,0.039068640043385755,0.1564297953220013,0.03920275820903212,0.03573262283337422,0.04303512256237799,0.037489564604240806,0.0637325495810914,0.06921982027817235,0.0510196795233628,0.04293053598025672,0.03757984107676375,0.03183464557046794,0.05432993611253319,0.026455362657732833,0.0390352275537729,0.03863755649900758,0.04611693812737002
94,0.052555255582308225,0.037529147540647886,0.047422930874231946,0.07669375103561589,0.05988536679459657,0.053470356419029065,0.05352792841438151,0.03694375771387906,0.04636810928846966,0.0419016942284726,0.04735379695868991,0.0876376189440309,0.031203090106736154,0.05572976863387515,0.03700610603464835,0.06996121377722407,0.06143315610577657,0.025034563899958683,0.036061497013379684,0.0422808906340481
95,0.05955489372738452,0.10688924231278096,0.020900473799299074,0.041228934940087274,0.05484625286877117,0.05587095868651531,0.06663793235481132,0.049794407012506335,0.04071749253886825,0.07135619940718119,0.08545458507517423,0.01847167064246145,0.029084889370860807,0.009662445994659732,0.022439321706237286,0.07376830094465787,0.056260707241154194,0.07942570794251691,0.024304726032812845,0.03333085740125929
96,0.054213055695984065,0.02182257014372324,0.05539166696061467,0.043319303159118465,0.0961342544513933,0.03459230543555992,0.08029864093286321,0.04235601407604023,0.029101303731335113,0.02917359367252058,0.04983343948604998,0.025478846868865247,0.06441143772294783,0.0418729643571655,0.037704331828230825,0.017851303540017908,0.01827062576229131,0.05929771496906747,0.1328524478503547,0.06602417935585649
97,0.06611958124971488,0.059460923546906096,0.0513172646676389,0.04767360357348496,0.04810840723144957,0.04727229203174161,0.07533421528510202,0.047186680801302804,0.05886751512187773,0.04416585322503258,0.04344151741249369,0.038657267625643595,0.017685865233509786,0.03627389972100726,0.07138658576519286,0.06490832689973093,0.028411065128387786,0.07446936307532565,0.029289832046113743,0.04996994035834353
98,0.03856171750407721,0.05780383078939442,0.07460080236698043,0.04324218148582774,0.026419046347416642,0.038147868275419536,0.07203035288503723,0.04161536046576713,0.033923105324657116,0.06600730848146145,0.045555715628552325,0.1322826511042672,0.05029306452635512,0.02572102391179056,0.016812941833767386,0.09195996173519931,0.04347583049545403,0.02657061226569815,0.03148024565874837,0.043496378914128664
99,0.032511852580997175,0.03191370980281923,0.04187772612593,0.04480583880643322,0.06428572290573546,0.06542323153279389,0.07603051363062603,0.04447937686501858,0.06281222352011051,0.03681680171080413,0.03369595136307226,0.04790520511269349,0.06307410563901376,0.058648983173540635,0.08744363325571401,0.04051613656842568,0.029201333039031666,0.0337898677759669,0.07228107356896293,0.03248671302231044
100,0.03954441242306714,0.039770140323462114,0.0333058855195077,0.06014189206895849,0.07337126476227611,0.04671952789440375,0.028911402307302617,0.037853044394216405,0.03596145082456553,0.1000983658111725,0.15787053630351863,0.03797253805432938,0.029669734363532655,0.029751848193867825,0.026154910677480533,0.04151225384175906,0.03631355286606119,0.07294607595170984,0.028485522168398652,0.043645641250409865
101,0.06175021750996564,0.0677283456771421,0.04239608548616197,0.045397612086253224,0.035723547178286665,0.04584250456132447,0.021493408476601385,0.05247659923872716,0.034775411412491554,0.05297364667779177,0.04443202945678871,0.03544069708054412,0.05102156591700991,0.042024539236263946,0.03651429387924133,0.05971924750352827,0.041427127699616255,0.13669948709700036,0.04620825770801341,0.04595537611724778
102,0.0374562328414251,0.03961333855988023,0.053774816110908064,0.07295505405058775,0.02682221900022949,0.028919239101872097,0.07374837297185859,0.052020555171053716,0.05126519250048788,0.086595145928195,0.03655673721317138,0.04790877625254227,0.046816250152638426,0.05573255052271534,0.05206443764028429,0.05092609481496888,0.039238742385956454,0.026261423689868973,0.0555761481071268,0.06574867298422925
103,0.07961252585585925,0.04119648008677161,0.0713283425054134,0.06672672319858425,0.0411486968503689,0.04592551411184071,0.03321155691227825,0.04171253870878284,0.022094392931811146,0.04001196261459251,0.055274994321244116,0.07550685503829949,0.017628996060950388,0.11170020927088599,0.032689256976666935,0.04049283953160774,0.06896452782060604,0.026803983589197267,0.045026549490162104,0.04294305412407706
104,0.0515872622669617,0.039392329663707946,0.04299996206673743,0.04122930496626836,0.11536875752733332,0.03363031401478202,0.022749682671125215,0.02383825155578066,0.05564680262384464,0.07945899641993416,0.13262880394483073,0.03421377889415763,0.017434106453917974,0.040325234619148005,0.04052555885882884,0.022289087676007596,0.031216404492638544,0.04928502201931575,0.04869707365139045,0.07748326561328905
105,0.050554770657482255,0.03445747633262746,0.056147001679960305,0.08504848955035117,0.057199329094154434,0.02357844661548947,0.0707778314275309,0.034408337366315274,0.0529445482443578,0.05497673870856686,0.0681101886769445,0.050002767999052754,0.008260453540504241,0.05948206769840169,0.048983985688849506,0.043596965081746854,0.029486697279593233,0.048539127992998664,0.05648890341910593,0.06695587294596674
106,0.03248878929642359,0.040077981988220004,0.045466007152306365,0.05323318487959957,0.04874102077636281,0.05380810600127667,0.04100984479708573,0.04005355077701319,0.038170336766188105,0.05498800933783693,0.07872360358946251,0.058931930870009724,0.012211687768163684,0.05875031548659957,0.03883799869299639,0.0467588799133814,0.0522086478571635,0.049354108010499505,0.06366874784803155,0.09251724819137923
107,0.022855108014875947,0.04461720522878155,0.19557151519964688,0.08313837369109534,0.030445236038564125,0.05111733954340375,0.043827410755110534,0.03342587559327517,0.035005304428422736,0.035294085596191266,0.04642344212160207,0.0596259995677737,0.029349692300696863,0.061562272239776755,0.04613693328371479,0.03177951812606148,0.036515203530316405,0.03893475334009917,0.04575802683328443,0.028616704567307017
108,0.06341802827411985,0.041124673364963844,0.04653910430955402,0.0225068641853132,0.07433072812324078,0.02385206193740298,0.029964907765468046,0.11599260774393838,0.02809300664089488,0.10554059621919187,0.03821253736478477,0.024622335745287313,0.018403258478858257,0.06115027821699024,0.044885964571446786,0.027028280945467772,0.09702565784568103,0.06482678607085195,0.027648824510573832,0.04483349768597016
109,0.02072583389008271,0.037765948830727626,0.046079129266041574,0.07900490194202482,0.029889656523277824,0.028081263567904764,0.025046962389575784,0.09907124858095469,0.043781456208970615,0.10956254809939357,0.07644692386153425,0.0607157240092643,0.02249531457419642,0.051545044668515914,0.05546961382357956,0.028234712012218846,0.04568660739535263,0.06784704085137806,0.03911786631521304,0.03343220318979299
110,0.08989101129575938,0.03996884836734937,0.06820941285133873,0.07115576190340571,0.04817302954006946,0.06385332253643285,0.04829883102016732,0.04469196741699716,0.031473783077168416,0.03699811333179346,0.06784169315958272,0.0899679235630592,0.011483554117220532,0.031415745948353245,0.03041831170837192,0.06505062253593998,0.05821365178782878,0.026413419351404305,0.02390165485533391,0.05257934163242359
111,0.0838842695260165,0.07748298962820663,0.02811221633681729,0.03465501842377575,0.03961561544643383,0.03424563761432939,0.06581448599619887,0.033823314754185894,0.07328223633687246,0.09482937014979546,0.030596061781368807,0.03913835833186114,0.03587010593282162,0.05378382202345244,0.022616949678757405,0.045629199503705836,0.05351166002796737,0.07373828802249767,0.03525464518358672,0.044115755301348945
112,0.04064466146590043,0.03430367378812435,0.033063200833846916,0.021709063676115428,0.13026582938648976,0.024858992777414258,0.03846696071518491,0.059655718759298954,0.04521771800668086,0.05058966212439051,0.03074391995590327,0.045593605349229405,0.01747104189306517,0.031567257128607105,0.04919174208506335,0.04022966333885456,0.04288516782172597,0.05274551239395862,0.1534995386260718,0.05729706987407435
113,0.03993423715336641,0.027155381108902168,0.12420814875941844,0.08268173599450213,0.08376567685708629,0.01985674073815029,0.049119792409682915,0.038565979204042734,0.05245649088685051,0.023787449317323076,0.04554806815830937,0.03963150953322886,0.029231153347224665,0.06803998993710093,0.044519583668264855,0.0427377322088018,0.04394460886979482,0.0346707559246311,0.0367892074275344,0.07335575849578417
114,0.061722386535193734,0.05838415128106538,0.08347543807268427,0.11100397310796843,0.06586779738774563,0.024542317070007143,0.03350463146432961,0.04186871956187404,0.04516718059442685,0.03858991641185084,0.04617561967343384,0.0927312028245623,0.009763313191253214,0.06976683947126726,0.014304173189355377,0.04120459837696271,0.04540260349253685,0.0333626109976874,0.03412253097450201,0.049039996321293085
115,0.11712530487476232,0.023841124480506643,0.03401187058911415,0.0826807898459479,0.05416401174915624,0.0823142602133158,0.03412277665021484,0.045674507630248544,0.03232322753573585,0.012650505634768048,0.06481783512216718,0.01759626243540964,0.018517876724195134,0.06339768573234277,0.03651822049532998,0.06189551691535006,0.09861931180919,0.04504286259122423,0.04377305391869877,0.030912995052321906
116,0.03502554196212826,0.03569552342813462,0.04471729516540357,0.03573339583860533,0.046558763055801165,0.013508430935354448,0.0429783526227962,0.06722416663093218,0.045329387719670176,0.14194783139196268,0.06353018909481489,0.03569627060731239,0.05162277666110282,0.032219513636790854,0.039426145132799954,0.04115472232334999,0.07594196942413396,0.04553792243260125,0.059268738536212985,0.046883063400092295
117,0.06673014153944364,0.029820258915624693,0.047724113734196404,0.04841705454516173,0.04585648753703567,0.06520703502419568,0.05053545404927418,0.021952768547597635,0.052209321862703224,0.05916224175550033,0.051971632471646954,0.08006673171488153,0.017889496311644038,0.057611922435077643,0.048283389528246234,0.07751198228864375,0.05468214513585862,0.04007366033899897,0.026471121852752372,0.057823040411516695
118,0.06032195690876865,0.03633543671226006,0.031027531191769153,0.05357000986932547,0.032021569423305765,0.08512509077898582,0.11965322434975394,0.0234529672406156,0.03297532589437612,0.016711204435865504,0.025267944976480255,0.04136760394409917,0.10820116047818627,0.039666596156851384,0.023909192587530197,0.10023179671692138,0.07297420658973065,0.03354544701440596,0.032722060000407005,0.030919674730361696
119,0.06951002101136129,0.17546915306460234,0.05537359597894026,0.04912428905737575,0.02662128825575627,0.04793521519388136,0.034248797543786215,0.02933303392518378,0.02531059520340112,0.0388511410221196,0.06021667137819678,0.04486032920372882,0.02192075734234265,0.05118328705129996,0.04612527744533968,0.04986951940802944,0.03211947086367814,0.04780437232018476,0.051842545615345646,0.042280639115446134
120,0.04921312739483025,0.02855356178319031,0.03635089161124848,0.020432492468077344,0.09499804936721534,0.03146315723861952,0.02992070356857419,0.06799252308154302,0.056231947276938976,0.07534665253736533,0.07157079202662882,0.02675960281850397,0.027000392924755732,0.03703379455600745,0.04182648511720608,0.022821373970739755,0.06729559687210196,0.13516502220381157,0.03897229286079989,0.04105154032184203
121,0.0576408356572335,0.028038471729077866,0.0429833472385907,0.056070150104974216,0.036345300762637374,0.03272787833278662,0.05427961992353775,0.02532643158546133,0.10829835115921933,0.04568679599681835,0.035863900435694644,0.04416193151292045,0.024703933894998375,0.07362643501124806,0.06965546968907287,0.07072498338795774,0.043556450859151885,0.04954715762136321,0.05545133694822344,0.04531121814903227
122,0.023653940571779886,0.043810749198966804,0.037424637340736394,0.05297179292971845,0.059880657358746515,0.028082509938806958,0.059812416442099774,0.03565326248493072,0.07273159953294041,0.17993325520483713,0.05865499233283756,0.04555810840027282,0.032603900753691406,0.034286932929013796,0.0244371170355201,0.0448729520023076,0.04343025770415505,0.05617734403426267,0.033825118387346934,0.03219845541702901
123,0.04264483091976631,0.05980599586166329,0.03406684110621516,0.0630850818550686,0.057357755840929975,0.05693997930539763,0.05776776718616771,0.02122255427429806,0.05684316870638206,0.03449301211567717,0.049514718100128384,0.02683597360742357,0.01962408760140685,0.0535303827496211,0.03441395651235004,0.043568642228540434,0.12749132053941717,0.06298961526402297,0.04556594478463577,0.05223837144088777
124,0.0594397155739964,0.03999686466588327,0.05921111403608743,0.11037637864317847,0.04970297237354252,0.05189871763831952,0.049968306610463066,0.040141101286904686,0.031461510555734054,0.03756043121117535,0.04285042236406228,0.07487645497162089,0.09094899427462422,0.06386259003697443,0.02290299114876096,0.022138770274979905,0.030025407197052167,0.036568015512019554,0.05249105391518491,0.03357818770943586
125,0.03402114844148218,0.04087994487589097,0.035813506343911825,0.04804470026809749,0.05037316262845561,0.041051726131632785,0.04769971806182149,0.05226947362254341,0.06987025412826584,0.16376238716928085,0.08340496328448359,0.04214561453089912,0.035103096947119994,0.03202399442586105,0.04335478726607,0.02327022116880395,0.014850191102856911,0.0544678857400302,0.03618936600624117,0.05140385785625159
126,0.03035425016139816,0.20706468336348996,0.02809459126641244,0.034359811894034885,0.03741900108745913,0.03885358040026702,0.02948015272183636,0.03382079720307278,0.06911142746120123,0.028249000144907745,0.03149995659982968,0.05955851803209125,0.05738270826096945,0.04455234362423873,0.05958147692308971,0.035172909035718715,0.04431624335343915,0.03211843592800571,0.05702673468762202,0.0419833778509159
127,0.03796684390610492,0.03001954472240891,0.030175209858270213,0.06936615203464092,0.052264028114366146,0.05283563421222189,0.022772009526463757,0.08090255564232944,0.04384510184219487,0.04882969728203491,0.035876171558060374,0.05051827329529487,0.041968005361450296,0.04210161753727786,0.022488486092646406,0.0441870623074451,0.04435004783278363,0.1629975465736728,0.03821995987453156,0.048316052425801094
128,0.031137426967466544,0.04147545486310795,0.05918020704748996,0.034418555812407846,0.02910258888988408,0.020492003901372558,0.03125399898520718,0.04244522116812891,0.040854866811453366,0.02984316544737367,0.045887575611087944,0.03500547407755545,0.04334507552753586,0.04145939954441257,0.05470799969917837,0.05548219121889267,0.13229998969406084,0.08868828950115172,0.09143623476784947,0.05148428046438303
