site,A,C,D,E,F,G,H,I,K,L,M,N,P,Q,R,S,T,V,W,Y
31,0.05671780729490806,0.017427136344600223,0.06516025529752474,0.05715051156740649,0.0676749544426865,0.06039370782838662,0.05010589866199367,0.08863973055860379,0.05300913784486072,0.063085681383584,0.03537199648422865,0.046846091069566866,0.03842450213273748,0.04397939568320694,0.055220220070866015,0.04397243549631782,0.051953350065505194,0.040580998838275796,0.03732055837764212,0.026965630557098313
32,0.03976032966052385,0.06489348376529343,0.05310258817805041,0.06661869550365286,0.010966346333387072,0.06428805299555593,0.0392957590183588,0.03775328341331402,0.04424109548570469,0.05037665389066198,0.04658985939827433,0.056035780699813686,0.07642169603630547,0.053187779235999315,0.06373111940886789,0.06658615247301988,0.0781031986738108,0.0575188687550154,0.009127225796271241,0.021402031278119005
33,0.024539832308657146,0.01987685597060924,0.043480750569825456,0.07009254664898411,0.03933299988594777,0.03995839808575388,0.05465573014147706,0.06696241583850256,0.061816189849390434,0.05937980488200491,0.05862554155395807,0.05723956871020687,0.03969711561354944,0.054659554353437945,0.03735707048047847,0.046633308360350324,0.06196129259613422,0.053663601244654725,0.06519421374438068,0.04487320916169669
34,0.04165561390904941,0.017769502247331245,0.04619720216293366,0.03873943311432103,0.06605458643407311,0.09232381853370618,0.04750514201197339,0.03805134451880097,0.04169476725483836,0.07420901714493726,0.07544128288077828,0.04110141370637176,0.02515528655358156,0.05987506921257707,0.034097259101544646,0.04315129443973892,0.03794915182582838,0.05107201408561424,0.06585239332396406,0.062104407538036456
35,0.009520802551495223,0.048193045210840356,0.016921914030452352,0.01652664999400042,0.11185254865096847,0.0400078323496007,0.0580274076259819,0.009448391004461085,0.011677614061284812,0.030394464816725492,0.06501144959950346,0.007996224576192607,0.008052666032369395,0.014872190388593077,0.019393242570777756,0.012344707506697427,0.031830478345780136,0.011776354856395343,0.28894203778138244,0.18720997804649753
36,0.16217643665970566,0.033718739853013664,0.04240822095760339,0.011834807994254088,0.022847097646881382,0.006085523592944126,0.008332445944827554,0.08827134299746535,0.00826876711301424,0.006988538283566293,0.016126472170043538,0.006614772639939798,0.007809972605818446,0.018131481302947623,0.010569234520950495,0.020340555820286956,0.1443045123364632,0.26151428460612874,0.06155003771089339,0.06210675524325213
37,0.1543670890134245,0.013138917754450771,0.01207001267091895,0.010327816755284831,0.008874958129336242,0.12515419520196439,0.01620089230118623,0.02052825931416477,0.00776928441039662,0.015486781509800603,0.013664159967824161,0.04085927999720107,0.011479601376932658,0.009388546655321225,0.0037075663896504103,0.17841459415553054,0.26589945237653423,0.04151273581394593,0.044185869742556255,0.006969986463575653
38,0.051420799339459276,0.04168813873270857,0.05326977166283734,0.05749023965682549,0.03465291949858979,0.013897994271441666,0.009904748342073014,0.08617916748681403,0.01079247732868203,0.05561387179292174,0.02699277649909817,0.04880941834473466,0.02242930407575983,0.02420792593079219,0.01056436553803118,0.03631509818600418,0.025318373624038146,0.34241772013602023,0.03860054261785761,0.00943434693531082
39,0.021349168175941794,0.014040302897840615,0.025709870152796067,0.006823318902861763,0.204506121050015,0.0162202372101796,0.10381188257455003,0.03657452903874811,0.009270853631815092,0.05853583686362159,0.042126942534858776,0.02707296994374558,0.023812863675154103,0.0064285294054674536,0.015429590658613511,0.011968276695163088,0.012531393128130461,0.04051161809985624,0.07359231886530376,0.24968337649533737
40,0.034328490597205635,0.03271447699862653,0.02720871412531561,0.010859651498911273,0.082611184612933,0.018773063172454744,0.047629832919549975,0.034915022605327806,0.013016310044744137,0.02137629842747665,0.04339705927023406,0.015591062996078616,0.0406417269543842,0.00970288617223037,0.021525468454296755,0.022437772042243388,0.044444603749857085,0.04352637329768511,0.08061731178402558,0.3546826902764195
41,0.06663628908050342,0.014876283169850353,0.03118642140667231,0.08656872542364244,0.02216797294408822,0.3255079013267057,0.012438848591479978,0.03811145375384928,0.01769584847742056,0.018777356108264847,0.05110317653136349,0.012106568095292553,0.1307911477256899,0.015853325956374828,0.0751508367106177,0.0054412479523237535,0.012131467165894057,0.019545112593328834,0.03452080373506215,0.009389213251575601
42,0.07466610497900886,0.09433897609407392,0.013302702359967009,0.03624644721844619,0.015674077568912297,0.03641592008260854,0.02027100579177329,0.12705313426390605,0.03679003279718546,0.01142772282138401,0.019914536065835018,0.01277164079132277,0.012668650870405316,0.028339960199141267,0.005997812226402317,0.006759739537411513,0.09904992823132171,0.2802299922184544,0.05070351554982633,0.017378100332613715
43,0.015587288928759267,0.03243568608292186,0.012871824429254164,0.044419065121856595,0.030744199848708395,0.04490412638488466,0.04017979784125193,0.007268720897148677,0.016629149924101135,0.03193710414089651,0.06381839826678473,0.022539320342966455,0.36437582426891596,0.01762316533419816,0.018868797881581675,0.05208148026758637,0.057696425540449965,0.03337962385828531,0.06136555046534498,0.03127445017410323
44,0.10171428210560841,0.04977659194860349,0.005122555428509024,0.04056592458184612,0.012575828697387615,0.018240918774292014,0.012540842655791393,0.15126320800904905,0.19491973075787014,0.02108087180312072,0.04170487350667872,0.0325426451749895,0.004288701318796325,0.02127861941525277,0.021130025713191808,0.07845734739565743,0.016721657078466932,0.15147616285800544,0.016227426071849755,0.00837178670503335
45,0.0101448307020979,0.10683256723940031,0.009752583799752607,0.010093997648935826,0.27179428791901195,0.023951066930376366,0.017129324132930872,0.0062718493158613366,0.015782946558139842,0.00980826070646355,0.018251436535419965,0.021310236000392682,0.019720412106973225,0.007021970421272072,0.0151269774396408,0.016636308665420582,0.0060461731191339425,0.010347455129169302,0.2470972547675281,0.15688006086207879
46,0.06896590443997962,0.025615470319707526,0.07362417221584888,0.07290926336587847,0.039838366380858845,0.08180332146760125,0.04339207635556102,0.03378311859975694,0.06016702145085005,0.048283001590934606,0.04653435496300753,0.07732460432792872,0.0017619508573938933,0.061571569606066974,0.05893511982055138,0.03750758675291429,0.03907382596996354,0.01870146653694928,0.03336691840301228,0.07684088657523494
47,0.09736086073991884,0.004561664605788455,0.09605630422732633,0.12021373585412969,0.013113815928467082,0.038005181617796896,0.03166117946606362,0.02923867885154263,0.02749504563731698,0.014773394825702507,0.022647043141205993,0.038220392920154174,0.17670271791287268,0.08056371783788642,0.026593608288563324,0.06484519378593934,0.0729751371191511,0.027354082412865036,0.0064952173139905586,0.011123027513318326
48,0.09875524697676284,0.04520665130892279,0.049786555973619515,0.04705919219403452,0.09695645469841946,0.07863629015565443,0.02643169131826188,0.044624384385074066,0.04640191546164094,0.017345066473622526,0.0071369552953758925,0.0033687312994255124,0.019641316766262584,0.04383101372389874,0.022096758637472597,0.12306356838141792,0.1088697330457213,0.038292411214403695,0.059760483984667226,0.02273557870534153
49,0.06408557472384716,0.013245782111751134,0.07185278157586242,0.04412269286455033,0.07789887880185006,0.02523720802552581,0.0646062887230652,0.08682194115199442,0.05672137947376718,0.0432865296769281,0.029249807608658848,0.057598486878569236,0.039624716473101396,0.0479524543265365,0.04164953041268483,0.06721285797331186,0.035903700906385665,0.0609556931319145,0.037226404146147626,0.034747291013547725
50,0.09553376009327105,0.07001074497900653,0.020984265277318396,0.04238189492692815,0.0309801180713907,0.08752907071772305,0.011957562896332673,0.0756597831302081,0.012835023850260103,0.008381892982998393,0.018321264402726023,0.02865622627042458,0.09224016999889595,0.052041496322577596,0.006712477646884675,0.0867558813335364,0.11709466357453369,0.09273247875415494,0.034290215117638294,0.014901009653190696
51,0.061194340395743084,0.0735436802857262,0.042332905982453005,0.010143723937006783,0.043561163843937684,0.03751592539983519,0.02686810565212004,0.06836690952447794,0.008251002350547399,0.05025099616044806,0.08730633489727556,0.019410237261803673,0.068063623197413,0.028205996592450065,0.020553614495641737,0.019027462434811775,0.08534414416269358,0.1262395896684048,0.0749654947807472,0.04885474897646324
52,0.019460081925127957,0.10457018228688626,0.008290428682865562,0.0155493412963418,0.14861676214348685,0.020223424274123596,0.02343187946324855,0.07580541662907182,0.013609458116826055,0.27786121239974343,0.03103187634198517,0.06077850748478818,0.010618073424582179,0.06315527204220613,0.012033984492114866,0.016211429117844466,0.020380339758274635,0.0247630529007475,0.01716079407365622,0.03644848314607873
53,0.03190398197021069,0.03848943571227515,0.0074744324941899525,0.04249733273400189,0.09710958850159283,0.005797901182952743,0.09029547470956764,0.21706370607094727,0.0047459813774485314,0.06273853350193224,0.07115050946277923,0.018894111743211515,0.013299604732069724,0.045084961433058866,0.010733378077189763,0.004532360975899412,0.017117362832414953,0.025149358480833054,0.024692789939188633,0.1712291940682359
54,0.012929146837656589,0.4296034154097861,0.05593816660494697,0.017484611082985203,0.06829303096089977,0.0666243541808016,0.01651896257111491,0.026799871420795783,0.016704655291024828,0.009810057014828868,0.0349887029845086,0.016239690568158455,0.010772206053582315,0.015163044170011762,0.03811854011543384,0.01439024620691622,0.035256154601382046,0.03019834224434787,0.030249612317115013,0.053917189363703245
55,0.14899968977377415,0.014050742886223164,0.009177908341952746,0.03647544569273784,0.023410219590180612,0.07893217386032059,0.018575469583576684,0.16516581062439067,0.00700351298305703,0.014645939273958943,0.08137685837387013,0.02947089293452072,0.003324394697840396,0.006954915172760917,0.023128400125001617,0.10442395381396959,0.05400157089194361,0.1319015215247671,0.03687343319977471,0.01210714665537876
56,0.07396125907492174,0.13857493615518668,0.003905558555484761,0.030471620857998732,0.03220008579605439,0.021348483167306108,0.17683848110694403,0.036003956257606676,0.011514847956849726,0.017727386878740477,0.03402344691769439,0.036613815338017705,0.013818170971584443,0.038972812916291025,0.009504796910844947,0.0755300677027621,0.07650877788060248,0.04048237908279661,0.12812958238526798,0.003869534087044991
57,0.02662343793097187,0.017937152723963366,0.048728190976257524,0.02144219099327418,0.0605612038156537,0.049704195402103676,0.07344435627040771,0.040946804509269366,0.10087614704610057,0.0675357872983527,0.06391629687353644,0.01933425760973571,0.02292853039098746,0.046813422627463214,0.05572557559135163,0.07488135823904635,0.07475215465930911,0.03463519331309773,0.03157300111999004,0.06764074260912764
58,0.03965567331355313,0.02416437712150535,0.02518619727952075,0.0473397557549875,0.13726307428686638,0.030830537658070388,0.04787816707430136,0.07580122145206407,0.008589090365197685,0.026733245450916307,0.06155587888670547,0.07076727555991481,0.04497320356161315,0.036616709444603636,0.07223912464421839,0.07457079623799276,0.038741103635278364,0.061789009919672094,0.03578610101514471,0.03951945733787371
59,0.03537864007497551,0.033114044082835865,0.038432634870335776,0.05210441999759784,0.0238434472879687,0.07183330007479771,0.02801105653114482,0.11775219332261236,0.044862223580786724,0.04790639658056997,0.06905749604550379,0.07168834802774036,0.04005639373389149,0.047375251342266736,0.030793775731620725,0.056254438723298585,0.05045972156503581,0.04168269159806415,0.038579806135097205,0.06081372069385586
60,0.04687178088921388,0.003123016166871919,0.004600621427084311,0.00620053132508859,0.12885076374460594,0.04704966279243645,0.11952484167209436,0.05070917951405388,0.007519949595753962,0.05577589445407414,0.12292300894350398,0.05612332422266686,0.02705610199397855,0.0927523974254035,0.010949570964962596,0.08118239892553847,0.02485756634367605,0.03628218180582062,0.027856410522271044,0.04979079727090089
61,0.13060549608871433,0.018640948980908574,0.03220233773944626,0.013365037368585289,0.04643021938629846,0.03727060936908019,0.0952891244016924,0.07163495050012728,0.008042451519556062,0.050662155370671806,0.029494584017571556,0.015921829752747106,0.05664207890684237,0.06368533211029871,0.01198160947727185,0.07728188616154229,0.06723355791451455,0.08629673933533698,0.0464450809288622,0.04087397066993175
62,0.056121767801207305,0.038638102972520995,0.03884376469821373,0.03991288622319811,0.04068212013650736,0.14680007759092267,0.04228066712511731,0.03838192831218114,0.018391513879291624,0.0449677877571866,0.05586026031527062,0.05755074581928868,0.052083008633186344,0.06955439212843881,0.04574559609836534,0.0433345958532876,0.05465606871061957,0.02888317127967906,0.026710530713563288,0.06060101395195386
63,0.06830000878722695,0.018838520137115976,0.06733730087554515,0.0538916230840093,0.042838073709488445,0.055506792392580995,0.0408467363641732,0.048679564764483894,0.057213359658180744,0.0262071760389977,0.0573521773550865,0.037786554484755826,0.08098055233446856,0.04609952857543331,0.08496039100349718,0.039486318063723214,0.04741952222876282,0.051424191921302806,0.03825477978374962,0.03657682843741785
64,0.026197702705777266,0.037318273231195846,0.13953543533458135,0.1066532093307329,0.00910421404983967,0.20930697061071227,0.0160805782262289,0.008923999404380819,0.0330987224944512,0.010947449060812483,0.018246003260612015,0.18844889772048215,0.007760539953844336,0.01856952969388038,0.0026649265213680275,0.10326244814104867,0.01927941947290568,0.004034532399432813,0.029599618873326437,0.010967529514386808
65,0.0372540444325596,0.019228234820086572,0.15054983127769345,0.05565009923515074,0.07703045789799773,0.03823646280673044,0.08204483164042584,0.019008572521437738,0.04418137536212811,0.02408383220231308,0.05787505963449496,0.06257703126971521,0.009670605173281572,0.03977711579077646,0.02634299689549898,0.043485693224913635,0.04411995218120638,0.03352298007432833,0.09114033220700325,0.0442204913522579
66,0.12350678834053083,0.0059408689990143124,0.0064581941262454815,0.01752500819290238,0.04782419459070632,0.05798074094014298,0.042505157956710185,0.1184203334220037,0.0032688502245405596,0.013479375879812596,0.01862971197831676,0.07871073742646302,0.006882998074262884,0.10136237551932516,0.005226461197973758,0.058072274928440686,0.09176982090948547,0.06675410791151301,0.05135773612742521,0.08432426325418463
67,0.024999322220763814,0.026742493142130296,0.10971515250447085,0.02247607637336066,0.16531552153787965,0.036998404487104716,0.011879540235355347,0.019151671702994616,0.012127177092507643,0.05094964578502859,0.03739700916492549,0.06503455620380187,0.010307704326893626,0.023654174837539572,0.028697906685945317,0.11999264497308339,0.07882143373624652,0.060123421298051836,0.03626448328222649,0.0593516604096897
68,0.048172603999497556,0.04924122878538535,0.019471972345902897,0.0208179375850475,0.09515745083267782,0.051901648927116614,0.03894339117243231,0.19222144683885925,0.007725318955142948,0.0817065787200605,0.047516716969168725,0.0388781547164412,0.014988707986642728,0.011175572237061194,0.025676807886835837,0.013854149935452793,0.042926041687314516,0.09890062950590454,0.0454797391026689,0.05524390181038683
69,0.10800069840511596,0.033166190597176716,0.020846793512683724,0.02210918319097974,0.15498739852376736,0.016693135693248675,0.017537297674217366,0.15028154858723966,0.01917997615651934,0.03793715251502315,0.06286578528055603,0.043816672188271115,0.004524895770017707,0.07616675466825673,0.03283917430669886,0.012253434157236237,0.008343300584524541,0.056684953997403524,0.09811394567857384,0.02365170851248971
70,0.060508822629919426,0.021357108259590713,0.014429353408766884,0.05928310611150456,0.012696119080999492,0.042896599904487076,0.13041719295571846,0.02885043490976363,0.09099779510500612,0.041194697833094776,0.07200404646458138,0.0672853245127984,0.006438367241486419,0.06320083571574621,0.0029959557556983006,0.10308915133444106,0.02369854116697395,0.07102706359040076,0.056602649352020605,0.03102683466700181
71,0.06113394181892879,0.015920870928212497,0.015258217574437058,0.09004927680319745,0.024524608226131117,0.06420976261729812,0.03422316994745579,0.05237857934588367,0.047724507970538906,0.047306574665626044,0.008462891780322274,0.07029988599928691,0.010532758408213038,0.05471130388709436,0.03576244484541371,0.03613736982401202,0.08375310017561331,0.0904627047746829,0.14901823697393216,0.008129793433719898
72,0.0608145105889782,0.047167700767142856,0.04795573587447575,0.014330394792493019,0.03207501650433707,0.06131913606514393,0.07327882121459972,0.06107320308754678,0.04767993268389286,0.020111715542947172,0.016310424136235773,0.0604333926976731,0.07358110218821973,0.04337836091026255,0.09983642887222971,0.06335904817605637,0.0358118384089306,0.0893117361050673,0.024131345393750916,0.028040155990016604
73,0.08290102419109183,0.0565606049272077,0.018980352827110577,0.055546444488227494,0.050478697285424264,0.04896887096772691,0.056491362031983225,0.03740626604149589,0.04829891503221719,0.05028891087898418,0.04727699108485501,0.053520424859548756,0.03942831380485481,0.04321287429797718,0.04704662708779081,0.07980068928195468,0.056238064431017094,0.03369791979082464,0.04581659665113023,0.048040050038577524
74,0.03274143086796965,0.33405761646501236,0.0262254993699698,0.024346040113357136,0.035794951548538664,0.05197064536204288,0.021163793946471512,0.019546159868226616,0.0290507215463798,0.026373921487895507,0.03642681489836257,0.03460433744257436,0.03163839100112366,0.020214174735679828,0.022718415473562664,0.036196877918121206,0.05781864421862451,0.03430148826797354,0.05234669562164885,0.07246337984646492
75,0.03953459243177391,0.03482087512868118,0.019997246408901714,0.04929066405796015,0.0248392096367851,0.03772370952748761,0.030383892068553034,0.04163903191911005,0.013452707660304415,0.041541126023102226,0.08059267862170777,0.021632849882612822,0.2044089007620085,0.017023181622680975,0.03342706310752939,0.04314102097266615,0.06118058526879107,0.07454317854056378,0.05101391688184838,0.07981356947693176
76,0.06511019642865842,0.029031392244915754,0.02032493905363673,0.01617920162853825,0.10272672835581331,0.09379141522717736,0.015786306736032832,0.02357464783344885,0.012361084395025559,0.10124959994837401,0.12586727562732614,0.034892239395199726,0.13364320624664225,0.01029639315409826,0.011178432126657482,0.05552444878476245,0.010920469035211301,0.037925321846322385,0.0250129156502297,0.07460378628192924
77,0.051966722538848514,0.04496466489876092,0.013250807824113081,0.02342896806876436,0.10621062137719184,0.038368607712740414,0.10002421018509075,0.10954970196095301,0.028727842046725124,0.046971767018926726,0.03815101880994291,0.06903249074126422,0.02525385100694616,0.05299464638359624,0.017260729042357502,0.03373544009008217,0.04744313747190219,0.08684540150602578,0.01740021966616061,0.048419151649607514
78,0.04386800870974274,0.014945146876486149,0.05224385769941552,0.05454800945333414,0.05697905159310234,0.035196551225321095,0.07559808370568906,0.062239131448426875,0.013687458072735968,0.11182358129018284,0.039029671190322225,0.08589510864063783,0.025495073960482353,0.06990329602503113,0.06216530892184381,0.023300514215908688,0.06145736815206849,0.02318617556530084,0.029405198870167997,0.05903340438379989
79,0.04908815536304676,0.04660837762535938,0.03492657626899222,0.02422898056649062,0.0564866764211705,0.04767309011704797,0.03560563964858326,0.004544545789280955,0.01570499043249469,0.0802735960776883,0.040575734321035575,0.08765804894430747,0.03136564721068379,0.08007986732519244,0.018727342762060634,0.040699502228558476,0.10361036529283017,0.1248152760574524,0.05099973906483385,0.026327848482890492
80,0.02863022851264511,0.028878187450349035,0.049203486148261685,0.06820867320163233,0.08322965223602892,0.04612942105988112,0.03095823853424002,0.05515075845490419,0.035800519063457416,0.06371253233545547,0.06815227762701558,0.0498003170663216,0.008011452430728892,0.030137645870060157,0.048309930521620144,0.03856098362418719,0.02422351171345367,0.06063557354469922,0.11466124631530304,0.0676053642897552
81,0.05536468980718994,0.06676075856891293,0.031345770487292916,0.07759391016409545,0.037143762664531746,0.05327100212286185,0.014028977731328916,0.05300931210952212,0.04900904757666439,0.0455667957853766,0.060344129699442965,0.05845876944325231,0.044591263785896035,0.07211740606820993,0.061764119005776226,0.04212574299083642,0.06419910249410432,0.06337974293461594,0.022335386573494213,0.027590309986594737
82,0.0815370252508056,0.0419732201487704,0.05868444415352092,0.04593238296290982,0.038992420224443505,0.027094137272840078,0.02646572887108351,0.05060540003979698,0.05368854153133343,0.04704598392149683,0.05262069174943209,0.03847509810836746,0.05937836223095772,0.06313818935746202,0.056452540887873985,0.060693338986867004,0.06116380717143885,0.043947744949458536,0.051766797627811285,0.04034414455332998
83,0.09751841491438162,0.02379924713275617,0.12591532442119668,0.14343545877171995,0.009324926805717533,0.074991636183641,0.034970665919316204,0.021534955691007798,0.011476205671352322,0.0156671726813794,0.01837345936948111,0.04881591862507521,0.10512485728289561,0.06960584097641824,0.008804182879499228,0.03723340358940293,0.04215580457360069,0.05032382717942911,0.023647881949149598,0.03728081538257955
84,0.05715061354801828,0.022513562331594385,0.07905350536222394,0.027867463603773308,0.02658596073528239,0.0880179532754174,0.03674930061472595,0.06240963492816994,0.023049155954683063,0.033073673393685506,0.05727691063002437,0.027176537184111282,0.027600660940972813,0.0771699146461366,0.030238028301521995,0.053586387435290615,0.12601401346223506,0.0995015557639742,0.010608933768829322,0.03435623411932961
85,0.031636137618282795,0.025258421791485512,0.061599480830448944,0.036997044205768416,0.10765637757009569,0.019351527643039088,0.048810813411214043,0.03995724952688346,0.08789779818399349,0.03700210665277414,0.061228919665984816,0.058481153738407655,0.07878981019511815,0.08826990525925457,0.053101001707420936,0.040488244690925976,0.006306392055233473,0.049349684468579985,0.04847625836770029,0.019341672417388576
86,0.0688423729475315,0.042389497598884406,0.011947971727454971,0.013548261503441381,0.023204968319247808,0.01893744114392405,0.03246085004516981,0.11528880092912738,0.010168419005942338,0.23484517766287755,0.04390312559198158,0.026095174126608292,0.008549531786962357,0.09473392778944122,0.01941196497622339,0.017229699109914814,0.04576276264894447,0.0937002134563435,0.04850713280400031,0.030472706825978833
87,0.038472049220705774,0.019655606278710384,0.033239556189324906,0.05789421323820983,0.06498083935694768,0.012989807501274984,0.028512916951790545,0.03588551403615596,0.0854077150809367,0.061042904014406575,0.03656989722198379,0.06497736324397423,0.11181136419231531,0.040889407897440125,0.05150740294250554,0.05185732387838598,0.060601434521815135,0.051533281782138354,0.045998267113184374,0.04617313533779384
88,0.044391309344987376,0.042996521961082876,0.04139956084169033,0.028813397327283462,0.044980597908706614,0.06229235866638617,0.07123979382838264,0.017999661182373977,0.010419424443689021,0.02588937307795954,0.10836943570050553,0.06472989742700162,0.016247995042620113,0.09031706652741188,0.11944207824218754,0.03295170562461108,0.04762849371895411,0.056589825234872035,0.041037294671146696,0.03226420922814739
89,0.04378920798164962,0.03418130239965908,0.010465328650502578,0.03096382188048924,0.06368764804653833,0.012735744164454582,0.042828741432880194,0.113270852100981,0.038726221775152246,0.019137535854331766,0.041678703159801475,0.009780400474473379,0.008868263103367406,0.020387173373973982,0.020325083935700143,0.029833401925475282,0.08714707475904127,0.14155935500725128,0.16771730532902657,0.06291683464525057
90,0.04493393353967506,0.05047307687446123,0.007399144361385036,0.04299689287587211,0.06189396892774262,0.01409944094871762,0.03307415320061814,0.05448244259037086,0.10624396821389184,0.044214068260344325,0.030995716278261806,0.03716910255149652,0.005741868104545857,0.01989409979870308,0.08131913139487355,0.03805144734561809,0.03983019921859686,0.06877050348678493,0.06468219345077397,0.15373464857726651
91,0.14627713994503244,0.0367630081966087,0.05129621434883353,0.0669224061747502,0.008702720692063709,0.0335911919303634,0.04524675060965807,0.06856072659821949,0.008783452060268118,0.06649286702175011,0.029017925308975942,0.01289275367335093,0.023846034944457722,0.10509502680987944,0.006397456002466261,0.06267996975034809,0.0501330620045182,0.06657041176975222,0.06111892742161887,0.049611954737084546
92,0.06258902460354877,0.02834331370243736,0.0893423159197797,0.0630467130309726,0.05124458536667755,0.0229390374819507,0.05737274798489561,0.06701922529158597,0.08636024117913241,0.04803740403316528,0.01619601471583098,0.029333474673966152,0.04558620182513747,0.06346935830841945,0.03333400464612996,0.05131560868310275,0.03469924423030014,0.038230840605830804,0.036361878757394474,0.07517876495974189
93,0.012963426114433187,0.03288508413186964,0.08711077011127966,0.04376224172035921,0.24810862172954062,0.009676072931206077,0.020594899299634317,0.021432141762044454,0.012405404913591557,0.06812479672490947,0.0909387364819841,0.024408493316757714,0.01739607258815467,0.019113488381895992,0.038279819975954324,0.02986099777857222,0.013482199943439082,0.012075568266143564,0.1400519033981869,0.057329260430043244
94,0.030824418827740504,0.02391743184791302,0.09615434862305636,0.05044279759717347,0.04940943903845721,0.010444623321149529,0.07070043161531243,0.014203031228359583,0.0343243926838252,0.02414849735958671,0.07107718514534743,0.11892541091730498,0.021277440815030333,0.0557024312432746,0.04997247849041765,0.06702163364516073,0.035826006424261425,0.022618411587316898,0.0801614741312763,0.07284811545803563
95,0.13521939480780854,0.034564928631744485,0.02067044073533304,0.04968164173925911,0.022083339594229152,0.03894553735718324,0.00905944848927725,0.09140648330094316,0.015164835784889865,0.11621245915343345,0.11235948388547709,0.005942676387855792,0.0201532813348802,0.010633509572801922,0.0041693755247135715,0.08521063797491267,0.1015810279899315,0.09127549578345401,0.00842058740407082,0.027245414547801175
96,0.023341714711496347,0.037830907881518626,0.023423600659710053,0.012799437809658438,0.19282668172907758,0.034423758869709935,0.09350171716094458,0.011303039827512308,0.019135421521542798,0.029072332317354413,0.07208542550349842,0.0668369070663429,0.006252700616119971,0.04398726185805627,0.013725265486774203,0.00969319306006839,0.022521862867405956,0.007511738569138903,0.14723018073469343,0.13249685174937642
97,0.0927400586640225,0.02397943209676871,0.048737649901031466,0.030048540270583568,0.01009415638322086,0.02798419384773449,0.09173215243691807,0.019313935278252013,0.04609932657276985,0.021811014333086128,0.059636410105630054,0.10803814627004818,0.006474810775910416,0.07951850846763617,0.04504189163719794,0.09619839631707613,0.037546371441801944,0.03810852694609175,0.013705324519718747,0.10319115373450104
98,0.01716333242151528,0.011156433681716977,0.03900915115151722,0.14093184034578557,0.012213876575891512,0.03143348640603274,0.028696247306299744,0.03615479949360742,0.025158820097641855,0.09701936054899583,0.016700776467099353,0.1980180690717615,0.007774376533649691,0.03382847707573121,0.006414460719457881,0.09349470254646207,0.08648263754636118,0.05047128704909878,0.016520676598388597,0.051357188362985584
99,0.05152498022402557,0.010221717631364112,0.05562301241497581,0.01847091710297245,0.062209342658978026,0.05342518679988275,0.0805473506353212,0.041466860344438826,0.0722266784459077,0.036423737745753616,0.04388827068793437,0.054750931408778174,0.1060853422732298,0.05875557450903324,0.032383060061444396,0.052191433533035216,0.07430792971368412,0.0218496551148836,0.013303677448983729,0.06034434124537325
100,0.0405443602509235,0.015367294041281085,0.01853202149559382,0.01871993812822117,0.09553887393465021,0.007689299571895472,0.01743430320576342,0.08171431598451025,0.037664922418609956,0.0697244650939047,0.22279877567089976,0.009472681023002378,0.06352396120184059,0.06805392228720632,0.01958061509088195,0.009351421766068336,0.02226788075013258,0.13616440409023522,0.034736063337413386,0.011120480656965926
101,0.1676375840656427,0.05161315369855428,0.04110373978603827,0.012126395973840465,0.0420253797813529,0.017124702839899957,0.010012966477220647,0.13865631882886376,0.0071586588385434795,0.01104194716866838,0.11561788553974651,0.10966706538217663,0.02741776968064633,0.006426627601665376,0.0071476111313952245,0.024652314301124134,0.055248970175657,0.12667876157372282,0.014065317866867178,0.014576829288373968
102,0.04011320954263981,0.011587468229889453,0.0690174939675055,0.07367484455275643,0.10360761194044826,0.026104809611409898,0.02983799685825927,0.04722878944591949,0.013174598693057527,0.050418585112633564,0.10466553078103819,0.027920703250809583,0.034311468243455934,0.038901421915229835,0.03644512508018983,0.06254953631213968,0.052438515654260325,0.08072257137328095,0.06850740692919444,0.028772312505882053
103,0.1436017750509171,0.012148508374348615,0.0382625986556619,0.03174520189625911,0.03919203352871422,0.08183441786975046,0.06827510451638169,0.006847883240519356,0.023403298017789717,0.029607691671521504,0.06890911500447566,0.04229750873832387,0.01086223033132125,0.10981581004589284,0.04018583353031803,0.05829545585429521,0.05267267590805277,0.04214024490885047,0.023431940350628185,0.07647067250597807
104,0.08092673332293052,0.043038426345990095,0.01943281362095307,0.03435752707818742,0.03048600541001864,0.005465724117411469,0.025456502940449495,0.07828114941610524,0.01377217390075673,0.16093770751965988,0.13970894046289936,0.01527838059349227,0.010294488822567834,0.025034624579282475,0.004425655292383413,0.017239172513990896,0.10260106612950903,0.1271852809832049,0.012302118855390924,0.05377550809481639
105,0.06953970256002968,0.010545172444717487,0.029720797799975156,0.05474390285770652,0.02475204063417643,0.009956825488912748,0.0943833031774087,0.040933335294551454,0.05081524195027963,0.07051707328110003,0.02653693078190907,0.11602335260558445,0.004885028264550242,0.12205603610088452,0.04183511122595047,0.05635920832651622,0.029615448996424664,0.012403007916235276,0.11411063671142858,0.020267843581658635
106,0.041145675111411296,0.048401092873523385,0.09674223260437395,0.03920021100344488,0.08927973897424073,0.021498259770183027,0.05340295635561826,0.060045471853614,0.032408193712801674,0.05129225979249314,0.06644753127984068,0.028638213101869543,0.0015869136930973325,0.04522556308693693,0.022177144329533573,0.024788626844274794,0.0457528402209773,0.07592412144407497,0.09710181765978322,0.05894113628790732
107,0.022039909488730355,0.018877877333910477,0.31551556987273854,0.027301484634726297,0.011344929503452951,0.12488469430629627,0.06680758472401943,0.007348929406618973,0.010808780070142942,0.022921093722862197,0.05356470463216952,0.033116818645487524,0.006224633711309591,0.01316913550292092,0.0048721443659744505,0.05050532124561425,0.1533102282569357,0.013463480249320307,0.024201738299551634,0.01972094202721765
108,0.09420560817574891,0.06051934735636095,0.03790316999851836,0.004556005761956531,0.010823240106728107,0.007243946983905754,0.0795920938425877,0.12369443196545028,0.010347412916659466,0.06319087235663265,0.07142586498530606,0.02165053409365159,0.0034803927938790373,0.061102752484203826,0.02016432960034242,0.0905864896752139,0.10454419222295205,0.08628022896996995,0.021599231252914484,0.027089854457017993
109,0.04885866008749301,0.035998068336609235,0.0591140910649253,0.06721721344043122,0.027796570268073754,0.013112332019450071,0.07801885416889022,0.05136268178547387,0.030927473552631465,0.07692375305736265,0.04126162469113844,0.09427792722997974,0.011142590947461183,0.08786095527937748,0.05066871407560291,0.022941004912140083,0.03118653337765088,0.08013989197217727,0.016604344641234742,0.0745867150918965
110,0.06706011257011467,0.04725735938404383,0.07712172222598201,0.03740032213878137,0.0413676740256723,0.07458422824423365,0.06264629128372277,0.0426236609609289,0.0436175054246094,0.03110696744710023,0.01834397787280873,0.04835792127471954,0.008916276503140138,0.05711081066824048,0.05135201851527802,0.0629913646929925,0.08258519733713961,0.03767944649434115,0.03382356854959055,0.07405357438656014
111,0.040914191565418284,0.020491065576009188,0.03592073283222091,0.045461576880205225,0.012265945118189668,0.011958280722855168,0.13650250437314085,0.11661951693714911,0.043071361665266907,0.137865764147768,0.04942505865720634,0.007636009568369897,0.006179650567775948,0.11827623665160288,0.0022719721381689317,0.013544687423443212,0.09519105530058482,0.0821897576049532,0.016296762085426825,0.007917870184244625
112,0.058803114532944914,0.02197679738812623,0.0036549930241151956,0.011501685318405756,0.17511985180195538,0.033376340580605644,0.0156563543421786,0.012999571008153549,0.00848415026209167,0.019937883885711154,0.11732838975733298,0.03127217256971673,0.0058455088245128895,0.046194070266862446,0.012650270679791327,0.061790816786315546,0.08393435169781187,0.07778571549482582,0.0804176872031418,0.1212702745754005
113,0.07956707548048698,0.014165047714579753,0.0773875694442797,0.020728497531302657,0.04815256606702564,0.041575226295631616,0.06903837408941946,0.011618799067363232,0.057522298733260764,0.04373036218617302,0.09429377889263645,0.014626993126159166,0.005894252084722985,0.11509779737134677,0.023705420583397665,0.07740645344968339,0.10970585654321992,0.050564393451809776,0.011546346375980851,0.03367289151152023
114,0.06987789187865213,0.0614381453293983,0.11343215788495027,0.11314346465292267,0.012170343982524914,0.026686313556042233,0.035290932546146694,0.08614124103707026,0.046318770329144845,0.0129859761081832,0.025921927439512098,0.04345515469384576,0.009155287672789248,0.08235296635725756,0.06089538447907013,0.04438945970464197,0.04355023313194344,0.0274899751242452,0.05177597468928108,0.033528399402378034
115,0.17414910855425064,0.021626082291311733,0.017909755403490657,0.028444324459090762,0.09926957946697168,0.048885916522878256,0.03488306394611245,0.03319484354810627,0.020885901215733853,0.02258982935373398,0.07463806093977626,0.04590747053214991,0.007843863038097674,0.05206883673984073,0.07655950479478545,0.13832660407439837,0.03741593998881516,0.02360723070071702,0.020099584476645418,0.02169449995309372
116,0.018968972248599336,0.013043573394514672,0.027518857570363577,0.030706119408302483,0.01668355368643078,0.020943590639404142,0.027452533214536924,0.0745986871104861,0.0505025497114578,0.22336651574969277,0.22691483027944923,0.026842639374168697,0.007096407610924556,0.014065986017208968,0.024473455775012785,0.035751544425819216,0.03281703037287307,0.02732946350809478,0.03594909889348606,0.06497459100917403
117,0.063054811249433,0.04504921813367774,0.06117988852480382,0.13727999862378612,0.02502637913851878,0.08291137322049583,0.05468716055545678,0.018533602979785475,0.05761518023864202,0.04436082727283237,0.02392730013220609,0.027765537269281385,0.0047819820956242366,0.07550371764515901,0.05777402958559052,0.07039217268487567,0.04810148958705864,0.02254442044335975,0.04968454254268353,0.029826368076729216
118,0.08562154653441485,0.007198167503430956,0.00886909534890072,0.044533201476559925,0.10131333039172156,0.03382332362013423,0.004067051077330906,0.04425826555331118,0.004506766959985327,0.00506106218858055,0.10443276580286556,0.011603765737210333,0.07100830959466889,0.08138910942099972,0.0014148105042033532,0.10270564061160047,0.05135473263243277,0.0890216209823502,0.056827688092167865,0.09098974596713062
119,0.11024608409254706,0.14430505047168915,0.014097473169552179,0.025484666210608624,0.06815416627341865,0.025582439043924148,0.059337189721256164,0.023897681963472736,0.018834484980748373,0.03577746413953572,0.05783874054071884,0.03629910588256097,0.012681366755728042,0.08707072733920236,0.03491938437160547,0.039543675493334124,0.024225809674156978,0.051700176882345204,0.1010661939746178,0.028938119018977415
120,0.031071229367424975,0.036150701482055875,0.05952130889616612,0.060529133768742326,0.029143634997072853,0.034727705647106234,0.04571856008989467,0.03846563401651537,0.06443870993126292,0.09564393986108369,0.05549843425655864,0.014186831820681936,0.014647386014770114,0.031669006897753205,0.020055423854695623,0.031527546448747085,0.15065255694178353,0.12275733258623929,0.038145383373558,0.02544953974788752
121,0.0300265795958482,0.07699138496160522,0.007318826743695323,0.0990929630014708,0.007939784839816067,0.024458186431035506,0.04243952729142685,0.04348992166064153,0.09848931524228255,0.03616496273950838,0.040869596841825645,0.1297710120520537,0.04465294012666403,0.047712003687391896,0.05695001867039725,0.10701670248706321,0.037827573170944706,0.052432174571494974,0.006901760706444469,0.009454765178389689
122,0.04376020049279837,0.017402224621020035,0.012402050758020498,0.02086868334335113,0.01879416623468462,0.03992543038240124,0.011613730405517164,0.06954411482592635,0.013105155462253031,0.37099835593086594,0.07969976754971372,0.0638333003696759,0.016653247768450643,0.016494107389328532,0.01845118141426819,0.0129193115757801,0.03915842494641434,0.09669336378272245,0.027746473155527883,0.009936709591279881
123,0.07236754545273165,0.04130171566147342,0.013146553720725134,0.1353567437937195,0.02681193765479636,0.06390525069399464,0.08424873681668825,0.02377820366596982,0.030374689155942904,0.049907461243235356,0.05027019713010723,0.06098091482042742,0.010672982112381406,0.04189008955334907,0.04837126966900506,0.061817020755020415,0.1063568854031764,0.03508906425275011,0.015322057818855395,0.028030680625650457
124,0.03624008679650307,0.02698762866452493,0.1543268859528089,0.050440124215408985,0.027803275432091486,0.1051176724636307,0.05950684966210947,0.013320039166034447,0.01739574783195938,0.011522177564435524,0.03004349418865022,0.10700740140806875,0.06434677597536995,0.05739359146526813,0.008707574435050344,0.09268535940314597,0.040229024919208836,0.04695240328852542,0.025954590714376464,0.024019296452828968
125,0.0158963400127055,0.06327996823083434,0.012779621892431904,0.019163613879784266,0.03500008229305068,0.029115726307977444,0.07965974980326664,0.06753513814864909,0.013344183508090097,0.367554378005306,0.04802696805380844,0.018593700833852582,0.020850788013799734,0.01128248585843093,0.019312295666713938,0.010632385023727799,0.03182437026082094,0.03267499831100207,0.029117015448912167,0.0743561904468354
126,0.03186092533007638,0.3854498047266544,0.010739884887361162,0.014396967850236624,0.05863618243501746,0.041872340932362806,0.04302264079332809,0.011035992140799518,0.027819143296768455,0.02955891194109794,0.021101777745469372,0.013801671057205379,0.02167236505678032,0.05987191191991907,0.024636041753794972,0.02156332376902193,0.03015815820667727,0.009693897034147381,0.113583180855444,0.029524878267837465
127,0.0711948396922556,0.12984814629156646,0.0179608650143514,0.011137359478548967,0.008889436583636827,0.010843178225396261,0.0158421769903249,0.037773493254244964,0.024748894594713272,0.04210145487510911,0.02434172248087742,0.03382457370794118,0.00797556973471608,0.09337760078905756,0.0983677934974045,0.022756532907622435,0.11625170394387588,0.21015720761184675,0.012917304192353249,0.00969014613415718
