site,A,C,D,E,F,G,H,I,K,L,M,N,P,Q,R,S,T,V,W,Y
31,0.04651027067559612,0.03054788961222066,0.06651721318751372,0.07291752665273676,0.04635323505341446,0.05686417953107407,0.06302670419526489,0.04232928444084747,0.025398607200882807,0.040276559245393424,0.014063606354642388,0.03997033674949088,0.04561240325906141,0.0340005908196442,0.04767542894436457,0.051147904409013664,0.042582540806584225,0.05689568722695952,0.10740177714303499,0.06990825449225976
32,0.04709829285421162,0.1017954545653885,0.07331782049320933,0.06028115323091481,0.009288100534306457,0.06284747880160658,0.08949143221638595,0.01889645428737817,0.083530758254285,0.04089571230019902,0.02083744594385301,0.04424026738289252,0.0444938281843584,0.08586988311434934,0.06340408465760586,0.04337720607762885,0.05264450380137672,0.042907082142495355,0.006187240385340126,0.008595800772214383
33,0.058399569302555014,0.05087951671314108,0.05276241513969258,0.06363457003306197,0.03651727602489868,0.044753768219663786,0.031734667157510464,0.043510764407441845,0.05594678762884601,0.05620808166439015,0.039092318047269224,0.058182504271142216,0.047920693022030426,0.04652516857491918,0.0546538974619305,0.04294242978050421,0.06322489112386981,0.054088580731683655,0.03012830339142287,0.06889379730402637
34,0.09248958691056029,0.005911072697617688,0.003673368275187761,0.01679241851903773,0.06524152083359591,0.08350411294766957,0.024904158711309656,0.02847140581530023,0.05637792585432556,0.0754708281377207,0.04669738443416768,0.07835389469882328,0.04901063000015939,0.04256402668669683,0.035502849216168045,0.04572288793674078,0.0600379377278078,0.03856511891272181,0.06621355805271589,0.08449531363167342
35,0.009365768170687043,0.04204056094788225,0.02094681722493321,0.010035152388215155,0.16563378673690968,0.013506362629565442,0.035725487420079846,0.007322267081302089,0.024550201801597865,0.021234138793926743,0.029784309235665968,0.11142052241342039,0.013563176335778459,0.016145797363391865,0.01830831876798171,0.017138627564757886,0.010436250377556274,0.008278849512974123,0.23702592639662343,0.18753767883675052
36,0.1284421752671583,0.0332807607063102,0.005405894702156092,0.0237846160214868,0.04413336906403661,0.017592815812189154,0.03524652086869857,0.09102546104096154,0.007816006505440285,0.025046518418337008,0.013655855623900651,0.03327851760398422,0.012239508244596463,0.0064486412006014545,0.005970165459324842,0.026421189921854226,0.19430665603731587,0.24312824604106023,0.01217556495833642,0.04060151650225116
37,0.10745516490801679,0.037869869423466006,0.04919870399625169,0.009421689855920713,0.015447350531455711,0.09928701487439526,0.005350392932226878,0.03532666879052697,0.012828435174266312,0.017884663827237652,0.05989483037548921,0.027411381188110095,0.015084370517209794,0.01596932597336254,0.007212662751312533,0.11110960544910661,0.23824521113887445,0.041667791589982225,0.07716417466806537,0.01617069203472318
38,0.038016627000330885,0.02153721568811711,0.04924926226795776,0.028275115713100495,0.016831093264281026,0.01027704848234132,0.027877904931994442,0.07495341221266831,0.022597509604335837,0.07688108820205272,0.09789576554283644,0.0067725556557334445,0.007915310829064165,0.014937844872626402,0.0502409071421503,0.02045939020086128,0.01709086511968829,0.3062708797509218,0.10165918334617599,0.010261020172761962
39,0.010511192675966542,0.028127297285711575,0.012727321365243077,0.019999988476488435,0.18143685672269283,0.002943750882041814,0.071088873932635,0.05412595988910615,0.004488635214471041,0.08051220704009052,0.10856538204912522,0.06069549123452292,0.009877212749361621,0.010991076109442688,0.00201481391597752,0.0026058637467900915,0.0061789625542533295,0.030908393767530004,0.09550968760920828,0.2066910327793413
40,0.05412803487598799,0.028546271898652865,0.015050823636878347,0.048812548948042,0.1662884702029337,0.0051276762038327366,0.031430980203144124,0.04785678308798098,0.012328730566858985,0.013140492160527761,0.06225056976002852,0.04965004071585031,0.005500429205047594,0.010309086710153742,0.003762431100705526,0.014311987424639258,0.016340576019111028,0.07158901163165893,0.11098887453766594,0.23258618111029963
41,0.11537881853183482,0.01815538926374805,0.015619856592087108,0.026750443745670413,0.024232360805840833,0.3320880970078102,0.02100412885250787,0.01771512841470759,0.010600896400240853,0.04711849612612486,0.033859445912735354,0.02806573625650027,0.052291378517211544,0.04206323881447308,0.0854602236725333,0.010022318861820943,0.012845436665834051,0.03666340575092043,0.06075483069149616,0.00931036911590228
42,0.032687429491430484,0.116622560362443,0.018587331830696798,0.022495694003528393,0.08204622262540005,0.020777066088367695,0.009144816279111014,0.21102424990865878,0.016745071522403704,0.014680982712165792,0.022473000589537964,0.01249945006426666,0.014380482886301407,0.0083801367836449,0.008984236646848397,0.00838048726123686,0.07616305997063488,0.2383518712405288,0.03842951164577698,0.027146338087017392
43,0.020695210410197774,0.022975738942357507,0.0145364199048498,0.01569367684801219,0.06952257081395137,0.01102840303661427,0.042454923761019885,0.017468897920995725,0.008865885953357105,0.023967402322742224,0.020628526301640943,0.009086840203584422,0.46121488368209196,0.03706243308583201,0.013001906889603612,0.10013620803272327,0.01982205286997326,0.044154274669956556,0.02256214556674842,0.025121598783747687
44,0.03624158474409809,0.0430119987086377,0.0035920622897210306,0.04643781452256179,0.02644597625475963,0.021381678358242506,0.0058212550253072225,0.1689086276178592,0.15694666836923563,0.06885831847731497,0.03515998012787432,0.06284364712231372,0.002271711273450245,0.03742763286869759,0.021574686215268497,0.08162960020284045,0.032198238756285004,0.12895787549240725,0.006925069085384799,0.013365574487740355
45,0.020513103546380515,0.02486972739824249,0.015580631833771359,0.02116597246338596,0.2654997969493109,0.007653733113440132,0.01832999081055223,0.009035040820970189,0.023335340923939924,0.025264911100928666,0.010178225492260018,0.021080938838478794,0.042420943579084484,0.00631981066348462,0.017211123561987857,0.007061226040164506,0.004029424754949823,0.008017639185908577,0.24836014944279658,0.20407226947996226
46,0.08305955331818896,0.07674913744206902,0.03228338757075143,0.06822830497742967,0.03061718978881641,0.09595086796013987,0.07216705564734285,0.03692883490782425,0.060352528974076086,0.020562132735752903,0.04165793136905264,0.05995557257360282,0.0017854573144372487,0.09799176511752812,0.04107241084960183,0.07010296374657353,0.06960117167007987,0.027574425889554038,0.006718680152110396,0.006640627995068113
47,0.06310603645509665,0.005896712633803492,0.09189884878399769,0.08878460563356727,0.022183419792549945,0.07373583664887653,0.014369154451845188,0.02029993320793095,0.029985528557262445,0.024830765275762407,0.054697507087472515,0.04585050606692156,0.08807023562935679,0.06564598755526102,0.03952497573304779,0.058895175418663404,0.05397659899524401,0.011177668190357055,0.10357445932399353,0.043496044558989755
48,0.11349817423797494,0.05183613653301012,0.04486980022783892,0.029814471664717263,0.05148443280539966,0.08941439371900906,0.044709204878054416,0.056654024425119805,0.03524988793851628,0.021183883921448043,0.02626135742538974,0.010931191979849252,0.013075046013290497,0.0226568959548353,0.015336133504264573,0.11428832853665101,0.08425417637982846,0.03932427546628368,0.07653077204809422,0.05862741234042475
49,0.06415158648328852,0.05984955486701644,0.05599090003781502,0.04370723320565796,0.0708358255230868,0.022636325038598984,0.043238471946243195,0.06662625818909507,0.043696954427404774,0.056414579635136214,0.054154344169391924,0.02146070888071415,0.036997003558504056,0.03641145435405075,0.037644606536195925,0.05450141000529981,0.046304082384867405,0.06568974684780082,0.046770303226348106,0.0729186506834841
50,0.06788505437634829,0.10545969822521363,0.013471297274167918,0.08027184146632846,0.03394955469523145,0.04404502226089311,0.026795652634751862,0.019016399792956763,0.008756936292536556,0.028369390183784298,0.08916449898453084,0.04451556836388463,0.08175428027640728,0.013586508656129663,0.010560673387556068,0.07789332131652658,0.10660867574895692,0.10481692790053651,0.027654964154841765,0.015423734008417395
51,0.06543409432636434,0.08041595311216365,0.016262096371444136,0.015815681568273284,0.096929127471544,0.03563229421320553,0.027351992585745596,0.04326519890033682,0.04848528292911106,0.055301284168148127,0.0742632121898202,0.012784170093693726,0.06189407831546711,0.022592137881244388,0.03727954151563113,0.06863262938831656,0.07974167175627482,0.05427003477066333,0.043478088285843104,0.06017143015670908
52,0.01262478394639829,0.12417982114386011,0.00908613422117817,0.012423017028471758,0.10124370794447425,0.0050525051132100825,0.00660871060553002,0.04875944153424328,0.035213671436540306,0.21222327980487152,0.16397022265243116,0.02634901640993519,0.03669874116330807,0.021395838980254173,0.007247856077796617,0.012204336236569868,0.04642420367847098,0.049217815365865385,0.020866758795098923,0.048210137861491885
53,0.06774108846900086,0.03698152265332263,0.008303548939321654,0.01433063786193389,0.10641541033575709,0.03126051316382512,0.07510692126189593,0.05549345169871426,0.010992668066930732,0.13433714015213716,0.14202447266343723,0.009619598226367721,0.025609493405891744,0.02452375496677292,0.004900128327083541,0.01954252127888274,0.014292267921719871,0.09738394735333519,0.053436407248954376,0.06770450600471539
54,0.03588601989323681,0.3738305216833145,0.046206895190714956,0.014920857385677274,0.05419558738370819,0.03176749936222625,0.013137687644045193,0.042156452481069015,0.03904493098960595,0.044448233926134444,0.022882588993168945,0.010531763044226795,0.02484247264371416,0.013946823112154803,0.07192876074698004,0.015294137095954768,0.0828762320819887,0.014259933782998042,0.022237910061889472,0.02560469249719178
55,0.12305837750900775,0.044934974869364666,0.008616525207612826,0.022412576632767103,0.02812806643336832,0.0668223015077316,0.07863852625643113,0.1824639570743788,0.011861783424060154,0.013864307302992231,0.07219323736575761,0.019039520736353586,0.01626105221929471,0.024073859949071047,0.002782480803163545,0.043874130538160444,0.06762000796295516,0.13029763158101776,0.02635427837274491,0.01670240425376671
56,0.028684258703861668,0.0883729918875972,0.009512665772584408,0.023207042142381236,0.006548257145919366,0.04310148521659079,0.14918140980300376,0.04658517204581307,0.010181049520931915,0.03343991421872911,0.04093027313641927,0.056468290777422464,0.005796187418492478,0.043928195315790224,0.016712412605862557,0.0892768098633779,0.11342791236033961,0.08444470753633254,0.08556681357285637,0.024634150955694104
57,0.05289896225330459,0.04123306701853277,0.03592102956795257,0.047364962557439154,0.04641444100888833,0.06800636716506445,0.04174685404525684,0.04120693411210156,0.04780732615431885,0.037525331016259135,0.018815861584164772,0.10714597951376427,0.015429041644611102,0.04489462289914606,0.060480197711497416,0.04280093449064426,0.043124928508013076,0.050568342214489574,0.10682338810697994,0.04979142842757129
58,0.03088480956915739,0.010303699393884463,0.010600983526426862,0.01758968757451503,0.03098337194370418,0.036352070932466646,0.010599001848813759,0.09534614396208009,0.010519281496551436,0.0230243784286816,0.11805601250080733,0.03307830594416111,0.03903336524216475,0.1425962735751918,0.05656319692176263,0.048899305561949546,0.0496147017769303,0.07870098258378684,0.09815613452459661,0.059098292692367625
59,0.05732352746977299,0.06660514558402642,0.04941810879880457,0.04596982659037923,0.04062883887137344,0.03938923950034048,0.040125289414327685,0.0593479867012252,0.023869530411876803,0.023412756738884138,0.09229076564698123,0.024297812352558755,0.033613993653973454,0.051873800386065816,0.048108875364854614,0.07732710048296111,0.058355865054781235,0.05147898298447429,0.04977880906994894,0.06678374492238962
60,0.04685179868952774,0.0135169145539797,0.00783636774878968,0.01835425099468341,0.08620513687372959,0.0586774177664715,0.08223414330019156,0.06605517214651654,0.006490988141951334,0.06073357384294762,0.06262216454309336,0.1184835517507421,0.059330360121689886,0.08961079381737888,0.010114769441434718,0.06341394598578888,0.005814670214236643,0.053594474362334804,0.021809091931149424,0.0682504137733626
61,0.07014372593651501,0.02019867033828373,0.04385465002692136,0.007835322663667722,0.01876064925547368,0.033826986535868304,0.11185297407662335,0.05542522933564571,0.005739105209566693,0.07396396200571667,0.11883622567781756,0.014251012050694359,0.07114376674833997,0.0952735844730765,0.010830132733185015,0.06554539659355779,0.06522776789866523,0.0359760324979845,0.041657430446799024,0.0396573754955978
62,0.04615237706726433,0.036216201228992724,0.038632613104513304,0.036664973066453464,0.06050947355210442,0.053747833829409876,0.07430434794006348,0.026504351839566224,0.10955120553456167,0.04162528397210286,0.07419321414384117,0.059279845252470945,0.056029770016501765,0.06608993210242525,0.05316232793234585,0.03587555369477023,0.059250474221401825,0.01906772130845518,0.009307349773789416,0.04383515041896598
63,0.08863932418073088,0.022955988150521137,0.07374228638632695,0.033395419929332315,0.038354261730257654,0.048058116197694664,0.05372715646943246,0.04803700773395183,0.08261647874546453,0.02186368833067654,0.08700326225972968,0.05268889265079223,0.05398879230709416,0.036567981551015975,0.05080581736663496,0.05148655864447017,0.04998525389652061,0.035448485933174456,0.029624109523556444,0.04101111801262232
64,0.02259328288454378,0.0370383067076164,0.1095189900423729,0.1213245596467746,0.007303883438395758,0.16091216555466695,0.023125232338793763,0.010151491453396886,0.014058047056752898,0.005371826078102105,0.010616531657751088,0.21338439912325516,0.020221967073477225,0.04111104224933127,0.002578416435940406,0.09458133333151163,0.016471113694572312,0.022510066549443833,0.03776118573109761,0.029366158952203444
65,0.02278139472981963,0.06101058283902019,0.09195553470265164,0.06363246694991594,0.07963987414284678,0.03768410822741852,0.056767073480560565,0.04085750849061543,0.050007075771461386,0.030738905305254395,0.05217604653317807,0.07223135204494685,0.01799431420422003,0.044920640030675994,0.07271674629017537,0.02577019031270475,0.04780949974344148,0.032665784825353913,0.04136415192710754,0.057276749448631516
66,0.09204863822009919,0.004830958323802856,0.00432447649330543,0.030668579394576352,0.07470146361404223,0.04553551990968537,0.051158303117158424,0.05783958420509184,0.009885804379223031,0.024492394687372587,0.06496077344411336,0.12827374050162785,0.00600719235367608,0.0776998763635147,0.012910878657225228,0.06019142481267345,0.05901527210556683,0.1040333373631424,0.041116922537102855,0.05030485951699996
67,0.029269427911682872,0.03176802345956783,0.13463215578477875,0.020912926698347597,0.13699270117181522,0.01512960428640959,0.06478944829247944,0.017231068023158932,0.020415033190117282,0.0373218936131882,0.00919436193872802,0.07695506788173696,0.004755990634406384,0.048407899013842806,0.0384676062935505,0.06219798689590261,0.12421769974020953,0.03751173977935626,0.010725088781414073,0.0791042766093071
68,0.040775654587464766,0.03786246934917269,0.019513911368112567,0.028162735313256956,0.10937689408142887,0.054845629406210836,0.0377169592542402,0.12534745214317383,0.004911083389202202,0.039119608578721855,0.06447686009989367,0.03324667965703731,0.002480861538380127,0.014211865066729732,0.05412180239529514,0.03862626369088937,0.02681592040492119,0.10404886155854683,0.11851324506152193,0.045825243055799915
69,0.10447771251579736,0.05195166052678474,0.011183476908696071,0.015580055111586171,0.0749813494291052,0.004164454533968322,0.03721949557771201,0.14225827720836356,0.026818568085249957,0.01791504880167785,0.07082014487210857,0.030029341224770228,0.010299109402914862,0.1486633641107528,0.043323496483091195,0.011376704212372371,0.0031147229968369584,0.05366896671868186,0.11862314854139012,0.023530902738139837
70,0.05486984939382632,0.12238130561388211,0.0080106346402471,0.07886705418016211,0.040718522841580264,0.044922146387784155,0.07863087404076655,0.05083534767342783,0.048647058297464005,0.030240633716301892,0.09432235326188426,0.02617275569435038,0.013390615781805323,0.05734267312965187,0.01305079304313162,0.046945629546711096,0.03139692900114564,0.03126939137546735,0.09795826851665998,0.03002716386375014
71,0.03828383529033473,0.022340967704459386,0.02206097043882416,0.09866539746873366,0.017400125181941777,0.11980092291889048,0.06504116144884768,0.07863070789358348,0.03442765752955616,0.012442981545944913,0.08225958536664232,0.03458150777543851,0.027745376555979154,0.028968803802549615,0.03179569862048615,0.03948882399749698,0.07387102520513765,0.06358473223113452,0.05938207300659758,0.0492276460174211
72,0.03930351843627679,0.02054963105034065,0.02802497692926483,0.020159247440183988,0.04031252533954986,0.045268263064802534,0.06098397275929391,0.06106247290090012,0.14083021429205778,0.013444125224836673,0.029878818886803337,0.05326951138325275,0.04915972306804841,0.052575460171175814,0.05974739606127464,0.04695126872509043,0.03884252559790404,0.056972445555437366,0.09258239929205406,0.050081503821452024
73,0.067358078124901,0.047754487496085234,0.01625562611540024,0.0426153716523008,0.0508298696083715,0.10397405675909652,0.046825133534928204,0.051337188638203315,0.053130927956925804,0.06304645183394214,0.05180346150288961,0.05275844911435852,0.02058620655328808,0.0481171415660687,0.04064273892528186,0.044992885523359984,0.017977815353650284,0.06497872595966092,0.061244885733267015,0.05377049804802028
74,0.08316242651502458,0.32049162553027416,0.02465896561463698,0.024643674996255492,0.05265454949947068,0.04519279004430779,0.018016142898162207,0.0160257803230297,0.023931390737273146,0.022043281030838854,0.038029411186666744,0.06237250245045214,0.011120814745621373,0.023991249240117207,0.02026370827201177,0.02707357494585416,0.05647233239768177,0.018749484035378603,0.0507975564113284,0.06030873912561425
75,0.12231834369052166,0.04120061689933009,0.03585162244709675,0.07269208490388168,0.030002092560480514,0.044429670431612014,0.019415981999009832,0.06238944332835057,0.019997395657692586,0.03459441495408637,0.0371123417623862,0.025905529679525485,0.1199651291680907,0.04714030061722799,0.018756114585737754,0.04411848892683968,0.05660243883087242,0.06392407843991962,0.053279923120589184,0.05030398799674888
76,0.09004872499431706,0.01559430330512113,0.028771874990271527,0.00892996326420036,0.1178326012881683,0.0981271346278092,0.020586571648042735,0.007659849498866487,0.013804545185482846,0.10609235058378845,0.10994742201366335,0.005741361011200405,0.10037210168293563,0.019452365166255838,0.004673877831135805,0.030012469343154276,0.025930161438390713,0.07712912462839892,0.014080924665514886,0.10521227283328205
77,0.06502164389019491,0.038044528191318976,0.026779150004171595,0.033419203205773955,0.10129485264974733,0.04721953543749298,0.06259382838725527,0.06857746487479903,0.02554321478617338,0.04081231288033449,0.06654539526071679,0.05866179831781973,0.016801706198735455,0.05191301799743221,0.02704149979635816,0.03183717470518344,0.04821158019207962,0.09140731366465546,0.018317442871295588,0.07995733668846167
78,0.038644390381728615,0.018855493587390273,0.04952548610297595,0.053270602439859156,0.05723269054750624,0.050183241923015494,0.05839188924569976,0.06818394513496527,0.004615674880777131,0.05866347355927688,0.050154807763498954,0.051437353806491344,0.025981426749479796,0.053729937225535845,0.04775036191549582,0.04215605634550691,0.02133126358161489,0.10678498122185165,0.07639165860307494,0.06671526498425509
79,0.06577275952494067,0.04128547525621581,0.040496330292078345,0.04101236369148838,0.08074402641867381,0.08311099474840222,0.053567991669195444,0.02474506342591809,0.02361929656543735,0.048943497449720395,0.0527920048756813,0.037113654490365015,0.043496274779771374,0.07667108149039652,0.013211142955705003,0.050716116782028475,0.09034348203354514,0.050623052851728065,0.058581220382083896,0.023154170316624718
80,0.06126289669477835,0.02223365134155478,0.038099470441791246,0.04579757041861176,0.09666238549353799,0.049208209235434036,0.05484636868609236,0.03848322610549815,0.03699849301447223,0.05639019596269388,0.07769762675971364,0.04502224826607146,0.005006654317622221,0.04067045215905377,0.035108718194672574,0.02887947615742952,0.04398699847087502,0.06628111285110012,0.1034177233462832,0.053946522082713694
81,0.03830386619915576,0.027862615641055556,0.0727618773490131,0.04003142821165244,0.11024616266935554,0.04452126219105701,0.02237146035278775,0.03819115704290687,0.04127678181853012,0.03426626244014083,0.12359143321305593,0.024942860006245612,0.039159704601738066,0.0627290685669035,0.035404050039160924,0.0408425378501975,0.07139181930454172,0.03859457079609682,0.053979275321602585,0.03953180638480238
82,0.046948873908558904,0.0685060161655609,0.05920971070880574,0.027626549747437532,0.10021500422436677,0.03114808785394208,0.04520249391034192,0.0801556172259762,0.028620217091382558,0.0636527290930997,0.03117954570979764,0.047356615200412566,0.017560968179055902,0.05694529916008066,0.050414723111884475,0.07428640712311538,0.03225004298254113,0.04017032738805699,0.03242219433205253,0.0661285768835304
83,0.10285029385039186,0.01157736893396168,0.05491360035652083,0.14081637449572346,0.030459991476027768,0.08645367331529052,0.027199793058392926,0.04791094424410067,0.014343670400703825,0.01655786942727406,0.047625361633139185,0.032895654296936166,0.05253929425648425,0.10182556859088121,0.029679489425158044,0.06397789328083943,0.06704482546983544,0.04145895327214001,0.01735137793002587,0.012518002286172778
84,0.10177909706438099,0.055777896555555574,0.036098801666323385,0.047504253087305756,0.04413932640062758,0.06471835032189874,0.039501666009255886,0.06316585136442454,0.026976589968088025,0.034216639867035485,0.05661477842019394,0.027507788018907804,0.020006588167205862,0.11198353823582431,0.032998280806055554,0.052385794899923156,0.06348920274136972,0.05266601174551692,0.038973550631333696,0.02949599402877308
85,0.028111655450721834,0.07595289992203169,0.054196613561341346,0.03796620579187394,0.10415047687382838,0.10061997944223834,0.04383938154567584,0.04749319601444006,0.028172031735789676,0.051159636088008005,0.08085809749907426,0.015243691896001596,0.06927631098286446,0.0828039763464917,0.04018415347154245,0.017217695714461245,0.010577427772833837,0.03430834371570408,0.05112079174619191,0.02674743442888538
86,0.08963885378545819,0.07039169798424635,0.019239088252554718,0.027196420938600613,0.03816426094684262,0.005241791805513469,0.03325432868360845,0.16096950072978397,0.016332316210095784,0.1624659452356833,0.05327106470397331,0.02745843541746778,0.008841639369809478,0.062221836173638266,0.00606558948846477,0.005024519967638729,0.03322611802251404,0.12846670379854092,0.026938749831182628,0.025591138654382648
87,0.04866213635026287,0.01819177244372193,0.055649745608110514,0.054084165559656415,0.06162396832172624,0.011726716402945469,0.032355868938046636,0.04944717209929794,0.04858868422279838,0.04471753024731101,0.09874102382730146,0.02453327590561743,0.09358184362223192,0.061131966162019,0.05260931188442213,0.05442739156856219,0.03336297800953208,0.06526548490952075,0.02219507233089945,0.0691038915860162
88,0.09566395882541348,0.041775750329500136,0.10929659120090053,0.042284322096092154,0.0877032408299652,0.0750575941941683,0.049603792098336694,0.01847486279437413,0.047093667535530744,0.03593643697453233,0.022016982075446417,0.04949675517722859,0.01747629950704651,0.058638134503233096,0.06787442247899722,0.034918704259275936,0.05914897262552214,0.01624783507743121,0.029376840449710017,0.0419148369672952
89,0.079791893093912,0.028557328124095227,0.011282100166217454,0.05097305937291258,0.03294742465343416,0.018073108070810598,0.08755934755298238,0.2095952207685943,0.0051594756160704665,0.06277983938061565,0.023932717213593826,0.012786189865665284,0.008248535681100812,0.07203095340107392,0.030005686979112954,0.019822094168748666,0.0416188078067905,0.13248951341625018,0.036282723869103556,0.036063980798915464
90,0.048416548263682746,0.016384655830142564,0.006931892412567312,0.04673595923560248,0.030919752233245043,0.03522280281698961,0.10685370031386829,0.09523592070649567,0.01840588563740064,0.04902822013235047,0.03278869679201609,0.07704526816179504,0.008590108783012347,0.014566088131852001,0.10553527885524207,0.056930499616977895,0.03866020191481997,0.05869698198535108,0.03169962641502444,0.12135191176156428
91,0.07904384957648508,0.09086249955929221,0.057730402996082536,0.058331001702247906,0.006118348907358256,0.024073872209594248,0.025366435305276124,0.04425568707387039,0.014176837693801353,0.037748944804697704,0.0465228938339682,0.04327269285318265,0.0075015363730978465,0.08141448070022339,0.003051665803723151,0.04176460623571244,0.09174211285863634,0.08579223852185211,0.10227046667158997,0.05895942631930809
92,0.052156661163509886,0.007225907935144889,0.016882113106685786,0.03678879870202378,0.03358429473835227,0.03159613763095814,0.0992953411868751,0.07869120641628759,0.05352037456508564,0.042790407221946415,0.03919007056071727,0.05377966361027243,0.06480543439609619,0.015072283964639749,0.015862971365574706,0.030257341990297323,0.05522599367489095,0.06228287923168925,0.07709632603715341,0.13389579250179928
93,0.010770043701680443,0.020583549381046458,0.021332599070834506,0.02893388357678137,0.27380278528015695,0.028641916969315458,0.011238879176884245,0.1311943645480522,0.03173563812511028,0.05266170029760916,0.032199151712638596,0.023150522732675927,0.053456965368717545,0.017776265154539787,0.05192329184830719,0.05855072605552866,0.020249656297315476,0.05099082830043199,0.03112493095563655,0.049682301446737236
94,0.043855567986871694,0.11267402795190953,0.06838918668198407,0.03421332725385197,0.0925298302591367,0.05852293588406399,0.06492228526851408,0.004902433968669814,0.009725336685602593,0.03693181914989832,0.06255498780455669,0.095050164997374,0.0050714563763448565,0.0338611999012473,0.027345218001818068,0.09708423879976176,0.03281162715922194,0.013538951655604146,0.040575182161195315,0.06544022205237315
95,0.10695979390824259,0.11207090008743496,0.006716717107726342,0.08323343195320725,0.01589798591825301,0.08962036725667899,0.0030054330884056756,0.042162808730673636,0.0249863850771954,0.08793795804442929,0.0948655295759636,0.004773967759047423,0.024247250678103915,0.00905290119656651,0.010709165603733684,0.06882956136645785,0.10181947592952048,0.09234714806359404,0.0072775479604689905,0.013485670694296382
96,0.0668416779974211,0.021598836255014384,0.03647024920614138,0.01166749769475379,0.17672672843784004,0.05545325138834146,0.08489639033867115,0.01115491543172503,0.016711850605727746,0.011076383864670084,0.04993138315039221,0.02312325106539409,0.0065334648892696875,0.019449743075057768,0.013840520260647424,0.024192010560964934,0.0070029620961749115,0.031757785494795236,0.16972665297987025,0.16184444520712735
97,0.048791205853691955,0.02029862455893575,0.09922695068433696,0.025628279727825463,0.026220675177007758,0.052928645186358814,0.06576108119746261,0.05625273297650244,0.06679049321415163,0.02838078239709031,0.05253726873144794,0.05881475772320058,0.004961552025853513,0.060620171846179086,0.061131275937537394,0.07393470272427695,0.05122509835766214,0.07794360434528173,0.011737671402247225,0.05681442593294973
98,0.0489209065994071,0.02510977662686726,0.06797003120816619,0.14803397180933117,0.026283573270041525,0.03071014077260289,0.13684893711767718,0.019444597902697803,0.009649376530018287,0.07622815772257845,0.024464455876081224,0.14055997891258107,0.01775458980329121,0.04567069999064514,0.0030295354385565104,0.07889064951074307,0.010019904302452313,0.053332004799273226,0.024174612658635745,0.012904099148352636
99,0.04895417812885837,0.01725199673474332,0.06277347624525113,0.041500579464047005,0.045798810436511975,0.04879202154207461,0.07855297354938343,0.027346815113789363,0.07089120848854209,0.029522941116257164,0.08543241924951742,0.054704749320795464,0.07351772800035258,0.045729919401980054,0.06576772702898083,0.044607313157381555,0.03204881050677284,0.03232731719129619,0.05716348920293226,0.03731552612053228
100,0.04419856461292695,0.011098192829902981,0.032205422008949505,0.009507859016120501,0.08147982121283542,0.007734996130986847,0.01456086157437461,0.16331451336342043,0.015056714549580411,0.1280319180884119,0.2108296388115039,0.047316372965297525,0.022783945271302092,0.01574936041682886,0.01236126692021696,0.011385570127287855,0.023292057784693152,0.11331028030270615,0.02426718148457579,0.011515462528078143
101,0.14828231208989165,0.017583581215532832,0.037125862471342086,0.023506487897212436,0.03470768368862204,0.024818278406605745,0.007377638933776223,0.10458817210750085,0.007028115910409576,0.06324721891879252,0.07143015361723001,0.05558792787245824,0.04058185436874603,0.023340297708257254,0.013354452911231107,0.008757483602789455,0.1434525374238725,0.13778766037169304,0.030089760952364583,0.007352519531671855
102,0.08149120643881479,0.03189598956214599,0.06402317112463113,0.0646720375827651,0.045221686554087336,0.06275417597648458,0.057507792402956816,0.03064619912895229,0.033788141359009184,0.03932869397251351,0.07550788442841799,0.08252342615770698,0.025347787547924605,0.06544555862190889,0.031103720708299625,0.04654422764780917,0.03999249568227103,0.022928405100361315,0.07270213471573932,0.026575265287200302
103,0.021382593427267935,0.019239309433019342,0.08840599574626958,0.0817837634152831,0.01195743879273951,0.0745754342172987,0.05672211286548652,0.034381234822493084,0.0511556010280093,0.0072530026066866754,0.05663763332734402,0.045438553164332686,0.008966947328643966,0.09852306042606872,0.03483491110789088,0.097090174890837,0.083872423083881,0.039464237184076253,0.06159235002807851,0.026723223104293207
104,0.09865030481149058,0.02135171411078771,0.016267366298350374,0.01742448475690995,0.07785384839591576,0.0050747970713590496,0.0358439527609059,0.1099404005387779,0.007837769400275914,0.18056338605471642,0.1463879270713747,0.004851865473515901,0.005729641135709305,0.04532670820516327,0.00436077040882066,0.008912008746209992,0.03562320481366599,0.10211098779350342,0.01829707046092069,0.05759179169162652
105,0.05831843381111591,0.0261446037786768,0.027513235084153598,0.03018929990452855,0.025423078910070163,0.03768717390199729,0.116057305025308,0.025766564872115504,0.046256914728355664,0.028347224002007083,0.06778052032522676,0.1401235107943188,0.010044729231190737,0.03526633335964769,0.05702313111512405,0.08655171308323163,0.04456630884893998,0.01325598951192502,0.08729211043096576,0.03639181928110102
106,0.06586007568781992,0.023894744393886308,0.04764699424011365,0.07855337788343882,0.06702380994069626,0.03804457072928991,0.033211294979191175,0.030252077403554324,0.03758515623160542,0.06303443748104494,0.018791211572251474,0.07657415910528592,0.0007275218183546896,0.05292878298714739,0.03853563687385233,0.05563208591777643,0.05732940326509313,0.0715866795917672,0.08248322891562931,0.06030475098220134
107,0.042954645642373106,0.03014371458659204,0.21738903052849923,0.12188238727230365,0.018009312201294314,0.017654962078459315,0.04593889078381062,0.00356398124353734,0.014448245243055567,0.027404165824263516,0.017959153363345016,0.03808369919496938,0.007941149510564563,0.058347509429766194,0.025770679105501126,0.10324579905549804,0.10433075871153806,0.04380949068078195,0.03320904648566318,0.027913379058183817
108,0.1183915132900841,0.0451132346561062,0.01819371503108531,0.00335754198596008,0.12392939428415112,0.002243335837374468,0.06619049957862981,0.11471454156866216,0.014002209847757333,0.020456916530807927,0.06793580463958922,0.05110353353525937,0.00805733887111425,0.04818141079665471,0.025363356805787145,0.05385225982395039,0.02377138331229092,0.11970314033440067,0.054348736385947664,0.02109013288438714
109,0.014129025630978861,0.03227912976635722,0.09084681227293825,0.03265889996823625,0.015095403241775949,0.03270228651275064,0.06297000796125582,0.05917295632969783,0.05460267134923523,0.12944289261939862,0.06199134650226857,0.04130716293058337,0.009900909537359486,0.13957947327342696,0.03064766368673395,0.02885569440039006,0.02827546896357456,0.06718392163444437,0.03629833188547735,0.03205994153311664
110,0.05458092327868004,0.05071002512041331,0.04417149311424762,0.0442558755405509,0.1000529011463291,0.04681449739395312,0.05736106171393368,0.014826162750590541,0.052248629984990566,0.027796073572453433,0.033090473400351095,0.14188775464112574,0.009707523745118503,0.04669333774864105,0.03729572622216757,0.05855237413056381,0.06852900135070854,0.026231139841770137,0.03045951090279883,0.05473551440061242
111,0.03542634599378638,0.04003377355615678,0.02620013621604058,0.008283879036279002,0.022215719829488494,0.015138761032629629,0.11049925454351815,0.18077093741745984,0.02697349563261099,0.09299033775335644,0.06068884669857274,0.017187205319155338,0.009002541438664122,0.12653827068162568,0.0050497656691216395,0.027064462242183583,0.0410106144976422,0.07402611012281357,0.05175108259675418,0.029148459722140654
112,0.06857512730070196,0.02102279165409023,0.021000668736763584,0.0067727404777338735,0.11020443871048072,0.015208337635280395,0.05282829295781455,0.025681909910443123,0.0060072815056905985,0.01715994092760121,0.06390257883861347,0.02848800141158334,0.010695948155027073,0.10107331654183331,0.008733982730147229,0.08648156374856597,0.11214167554187277,0.08352385634584422,0.08630543275500074,0.07419211411491158
113,0.06873634270889105,0.005946895334982251,0.06930470049546973,0.12400468849916749,0.013444752984184922,0.07381748905589117,0.06025314037425578,0.017911173030433165,0.009790781168310182,0.024592747349405263,0.10527790853902175,0.020492966835247282,0.006142993560970366,0.1207398690098742,0.033893219054820845,0.07083397282692068,0.08328025391344726,0.010620643155507608,0.04553435015981027,0.035381111943388714
114,0.10202464396118222,0.024816918589550038,0.075166003545835,0.14193965888424173,0.04840632376589597,0.018447374980930367,0.05380251937136307,0.025233163714245905,0.04162490211822975,0.021834637821075253,0.03584997530275232,0.05230619078619975,0.008201281763037872,0.0726178726275449,0.04936185100244087,0.04656731502213224,0.03250374049626544,0.028603641946244086,0.08521283475104306,0.03547914954979023
115,0.12705880936784855,0.021635650921179455,0.008123046989089415,0.035969038519492104,0.11511243250554196,0.07707534995116187,0.02718508107082805,0.048405627291985914,0.01425038950116952,0.018889386008125786,0.10934221377259205,0.01415211075586935,0.005663527471668967,0.08079340795063612,0.021235472344457638,0.10691170546070357,0.06734155661127383,0.053445667046484666,0.027899132345028454,0.019510394114862727
116,0.03888167211137853,0.04073004816656676,0.008030360702737821,0.030606326161985966,0.018251033999047008,0.009336669408295434,0.008262585001527383,0.08864225887750858,0.12436204398165435,0.1909682157679161,0.07495903807915867,0.02343604119912541,0.018964859716251267,0.06716314586345966,0.010401097519455333,0.041496820712239146,0.07545802695767215,0.02075331063095618,0.061517095141236974,0.04777935000182731
117,0.04783146685299315,0.03590048510731244,0.08530011955621186,0.0841522347233023,0.05169186041764508,0.03197554304007071,0.02938932099940373,0.03586970351746606,0.05126930555541034,0.05812017516747946,0.06976245681530122,0.02085372971859648,0.007663318710753272,0.03950325349002682,0.04170240971878516,0.08933786803983393,0.02844723726305416,0.0767033461259311,0.07633042859190345,0.03819573658851926
118,0.06539078635985514,0.033633391195158485,0.007974022867006122,0.03144711644619005,0.06555061027084029,0.04506235861840083,0.01348120601169083,0.042938806322325,0.002305214774242373,0.015028786740099567,0.07985706339127564,0.009192370208119369,0.08037209114512035,0.08559163806041273,0.008337348168021444,0.1019168157402058,0.12633566949900063,0.09609684179690506,0.051690357943683776,0.037797504441446514
119,0.08404807508836762,0.12747015899149824,0.005297090076363684,0.010558570197598278,0.02393487548161138,0.013535943137312682,0.0743994340929568,0.027089753087194877,0.020507583801790723,0.05254734852134788,0.1347567323290502,0.0546343336888624,0.0031128822319668958,0.06380844812314297,0.029777024795453952,0.0671911996275592,0.030910048268062883,0.03989855107603065,0.03175441368535627,0.1047675336984724
120,0.045276019131669454,0.03969674048699484,0.014818165443598713,0.049358857005464406,0.02284081723023587,0.07699006549874099,0.02021195817377746,0.06093205511352958,0.01676362048696719,0.10808406284584003,0.0745854253857334,0.021703242861714836,0.020611965009981133,0.05383147157285707,0.043843960278538735,0.03727601023541399,0.10760836595613482,0.125528183564026,0.04269842550558494,0.017340588213196555
121,0.042528490305280164,0.060175577345879104,0.01320761892965847,0.052540726775450686,0.028542255917283387,0.06417862322393528,0.029870513668444194,0.045619348627730844,0.08547534093448916,0.04239879471928308,0.030779917026123087,0.10165783169267877,0.04511090667654586,0.05297298370835249,0.05634563410796421,0.11552790652106155,0.042048148518051616,0.04635459290736291,0.020649656791156507,0.0240151316032686
122,0.035625054226761904,0.0422534910805479,0.01467515484234829,0.01605140427945287,0.043442002187549345,0.02983399847490561,0.05531314897412255,0.1073469897306683,0.031769649012845624,0.40279292864190513,0.019193500214158013,0.021394546859499396,0.02228379455314115,0.029596704375090748,0.011099353019410495,0.017461657739724478,0.021980489338191567,0.03253691637761086,0.024975982986576155,0.020373233085489675
123,0.036729578309163936,0.010543114480895842,0.022662245507204633,0.06950652648986975,0.033966339348819596,0.09648300773234676,0.10896754114671738,0.03746378241246622,0.037773969123192815,0.0373567565498027,0.0777906109293274,0.09472595512270082,0.027810659891701846,0.017362222588553026,0.043595493600863816,0.09248482584231833,0.09405182314684425,0.015658071654999238,0.022595559707753926,0.022471916414457702
124,0.04732739474030124,0.02173061910978899,0.068050727640248,0.06217731769100165,0.028475842436073078,0.08128281095536988,0.03611561889106427,0.02824753926972737,0.02554402045683993,0.035515073359297836,0.07862547608344862,0.12759602999091701,0.058780967786829105,0.1106190280354178,0.021690770355516253,0.010430453846314915,0.04633862282111723,0.03950520816019992,0.05729110095850432,0.01465537741202259
125,0.06968715002236638,0.08100755917618187,0.02562903522462127,0.02456331380766711,0.02315650332056423,0.007200428653302868,0.03719304370103921,0.07186630412397,0.021913244895573992,0.2538630482114951,0.16361480396496553,0.015091416949361277,0.01932488402547196,0.015234415832582627,0.043779727040445034,0.03255635842476912,0.011941602988943988,0.035612531945801884,0.035977346774188644,0.01078728091668794
126,0.014164281253199332,0.3871626829904187,0.05585169837185973,0.07680363148475323,0.09262769135269418,0.02356593269565288,0.03922421952401209,0.013502699582743543,0.009439554492369103,0.029002954990807878,0.02172671933180712,0.011337574313016501,0.035317798741177,0.009314220990173814,0.03943722660319895,0.01572072633303894,0.022951777236225136,0.008147350198267095,0.054980889872175566,0.03972036964240919
127,0.02911440343127875,0.0861543918040454,0.015473272930786854,0.022653761742464893,0.030447340499166232,0.012341586138474964,0.02137244694325236,0.10744124471952649,0.03325378163962009,0.0720551461844499,0.05560565833243696,0.022914904395685828,0.012583522915481118,0.03886853664677911,0.15331478148755717,0.03538539052185147,0.06915299422888027,0.15609789358781986,0.017073926812299963,0.008695015038142398
