site,A,C,D,E,F,G,H,I,K,L,M,N,P,Q,R,S,T,V,W,Y
31,0.05267643293019561,0.047946123071795924,0.03746044006848804,0.0558385567868439,0.13565545271728705,0.030983719912578766,0.048979005517327326,0.02170919022123188,0.06170672213639444,0.027233012473986854,0.06111606752230897,0.03920358145181469,0.0442603908456282,0.038281853503843125,0.04537081685347607,0.061552607274381964,0.08725265319879727,0.046693529223697454,0.03878689063485442,0.017292953655068027
32,0.022317077471244274,0.12590561029927375,0.05345600111341289,0.06547652623394941,0.007267204276085299,0.05405260086601471,0.058024524086723386,0.02866492088917196,0.051899394834765085,0.03823056776523236,0.024427834332229212,0.06686611863443065,0.07200127834242585,0.06479369969665295,0.10232573286105869,0.06051805511912834,0.03820480716920111,0.04601018887427298,0.01118311225253802,0.008374744882189124
33,0.02759573248623364,0.04089000483415825,0.02244125796613619,0.03664227434666519,0.053742371643248486,0.041686572847767445,0.08653061003225952,0.03774151532939908,0.0199750378277096,0.056035883109245344,0.10982284375558181,0.05379433750132941,0.051873302977971755,0.06458174729434647,0.034969447449082605,0.06600162969798558,0.04792304338510297,0.041400479788029396,0.059923968073545726,0.04642793965420152
34,0.11744377466933699,0.009547611234319216,0.004441489248771144,0.05933825941360661,0.03428211099003264,0.03675682371364148,0.02183716152657482,0.07729934034672338,0.0401804758473506,0.06281058901083073,0.013372930496947637,0.009000076302144947,0.04882891289656634,0.07648729704007237,0.034659935519762305,0.04925169956960463,0.0672918333340931,0.06366402606834187,0.04539671950172127,0.12810893326955794
35,0.01263829497699347,0.049723747204045925,0.016519877843588163,0.015252971911901796,0.24731388698704077,0.015819992007072903,0.01055316011029613,0.03126553995343287,0.03684780764359813,0.016438484354544012,0.021132534088575496,0.010774708372143539,0.008729440638815571,0.01180139508942068,0.015457264086496255,0.008607684205834614,0.007172066868060933,0.009753647470536619,0.276030713669074,0.17816678251852816
36,0.08384397873936027,0.09525617387999753,0.009198877116833417,0.017618533657484302,0.10519488927326748,0.011498465037129726,0.007394614054762368,0.030154151900378064,0.008256685774996341,0.029947319159170534,0.018855789796164528,0.008633305725907515,0.020343439927111413,0.0117618913922877,0.0038275706868367066,0.027205512545272426,0.13762421654142565,0.32915022881742523,0.024268800100175264,0.019965555874013562
37,0.02330570355087308,0.11203345499454115,0.009793120902059175,0.011411000427492657,0.043216095802907424,0.06389708140655577,0.0076456449415842525,0.010165299487259093,0.020793912801173677,0.0019000852061857585,0.06635618889404533,0.17011327544824895,0.026429592027859935,0.008266904707756303,0.010442272455889367,0.1173797569416605,0.22674354647620348,0.03908967650852244,0.024003806815692814,0.007013580203488835
38,0.03196337976952136,0.051556763742143664,0.014489226385184023,0.013971211161646966,0.03487377334661513,0.035718322208910414,0.012697369059295553,0.03282160559260706,0.026590487371970162,0.041332751167994994,0.025433597841481265,0.038796536796442516,0.026562585107099284,0.03404366641862349,0.009594306615431548,0.046147550548085677,0.039486488432042,0.43802192641820803,0.02883567219552259,0.017062779821174254
39,0.003701222545771286,0.01543941403557773,0.011308706399556999,0.023356495876156264,0.283769253434685,0.004297466082130369,0.017735633744085884,0.058482032145390994,0.006229870798572284,0.06009475640060544,0.16208570757698962,0.019697626130263542,0.004096766833427239,0.005848075860208938,0.005264839501911859,0.018194712168953325,0.0023434191998343203,0.05348410782621209,0.011806828593976507,0.23276306484569032
40,0.008564401679033455,0.06551312451738636,0.019961911604525966,0.012094637103059396,0.14343746198682478,0.03302447122218602,0.029679873759813524,0.08045214390669223,0.019179408114392667,0.008674977729656025,0.04570503482297828,0.031836599658128975,0.007308281798990321,0.014636520901095799,0.011866234256324116,0.006157559614185997,0.025473326846800967,0.026291221896121125,0.05598115872282001,0.354161649858984
41,0.059054300865197924,0.01562267529208022,0.018726469558374374,0.028253605932562566,0.012743784218529654,0.4509149348401572,0.03496031309751525,0.02102510443987536,0.054131567988520805,0.012762762212511995,0.020819052791921745,0.05627332826277148,0.05285272939515342,0.015783477829886663,0.032078645250759714,0.008037610302021016,0.009602123038603794,0.050102210206812756,0.03178341696129668,0.014471887515447495
42,0.026642311196302622,0.07838396657152627,0.022254186190067683,0.065876325157268,0.027129809553477706,0.022029687016334717,0.01489874286673859,0.1569247932913281,0.012054034260642632,0.04587528080179817,0.02560798219752981,0.05769380731618857,0.006548266639148022,0.011433201418846775,0.005419405754584848,0.007448018742109573,0.04444991025678084,0.33059576991648726,0.02125956595143466,0.017474934901405163
43,0.022847865387113486,0.028557755804130454,0.014865493494544827,0.021133517897599916,0.0383515693257305,0.014438052079088015,0.056965058234131186,0.028036773266273327,0.012307401009818664,0.02494246180642332,0.019170933049004125,0.012098215263447903,0.49054929268560554,0.01052559322051708,0.010442422306709064,0.08529223596077568,0.04090500091096609,0.0125324522580638,0.030664862509544456,0.02537304353051254
44,0.08345244108122787,0.043316741933234426,0.00516389208104765,0.017982230921969905,0.00593064529000595,0.01655045788870173,0.007787234706681619,0.10070163984926711,0.1662876306594281,0.053902178145479276,0.01596328719874923,0.059664247676571566,0.0068748555373339985,0.11224464669720662,0.019865681053840862,0.05852294965590517,0.037882411688770955,0.1364180830080536,0.04549425166209796,0.005994493264426386
45,0.011608548135846032,0.019513551720134144,0.016403733360525485,0.03831272256427653,0.13683234922528006,0.01864478737372928,0.04271154966417755,0.009460285636994789,0.007689913298582013,0.026706661411304934,0.020491990831628528,0.008217118698229256,0.01357109786747777,0.07901316636453938,0.022482632098936733,0.026368905855438125,0.015413152185116718,0.0720936056344642,0.24459185847251755,0.16987236960080085
46,0.01224232551362824,0.036105230018206536,0.056289769354765165,0.09708396468522106,0.05137800928441519,0.031427708596475035,0.024440026977133877,0.036813366134609136,0.07900743494443256,0.09439369495935418,0.06429572046610628,0.08127465185049662,0.004520775903966788,0.050838120249047554,0.04461768895571949,0.05046704963871914,0.07783315962225391,0.04705075259168841,0.012726050743304112,0.04719449951045674
47,0.0996312907893183,0.016952010596264156,0.09522363302718442,0.09471735220823181,0.008438989094443542,0.03340348054989486,0.08173889869064493,0.021173955433572766,0.05366040828187092,0.004502953916364235,0.07824978256662778,0.04158439332416587,0.048580698127266043,0.053912070454760284,0.010904229568390867,0.061932253692946464,0.0682105324595241,0.059752189428515234,0.021502909889773367,0.04592796790024004
48,0.11285937126924932,0.07786455107293577,0.06927593563215184,0.030642940041452835,0.04661482684182621,0.10132928235648105,0.053896834422932124,0.029937229680293064,0.051843445594507535,0.017762796130261847,0.06923918774763213,0.005449507993054751,0.0021179967957670664,0.01321317532960631,0.02533598008054705,0.12237167997441802,0.08317554917357577,0.021861367424238796,0.05092642331064591,0.014281919128422587
49,0.01674359790808772,0.014197947733339487,0.06700920572623613,0.03221865047557892,0.10076490086703627,0.012741567906696413,0.018770480109686186,0.06783716192057714,0.01911082201628536,0.05076754143298162,0.2502550979380347,0.02390875476566948,0.016901323409149308,0.024136439631418528,0.05448239775944134,0.05232630905560025,0.047954778039223316,0.06840037870207687,0.021060430427433236,0.04041221417544772
50,0.10517452119811556,0.04319102874507146,0.040330892430749415,0.00988145005893453,0.01439322078907236,0.06900437112470825,0.01524083243516074,0.029982006322276347,0.014714363852351722,0.008783764901887967,0.017881165504094257,0.04514289608545978,0.08020814842023208,0.014013672476177755,0.019319825426611408,0.109661423646096,0.17667979424665609,0.14966802575822194,0.015496697780020054,0.02123189879810226
51,0.0322978166123719,0.09238561695515053,0.020492870910962014,0.02205502328105169,0.03692617999096021,0.0380665830261164,0.012282645261041248,0.11407850006546794,0.005002139285850075,0.038764586720639906,0.0567383479769125,0.007728413546861157,0.05703367055130366,0.04452488589911136,0.02001950227161591,0.06648165743722381,0.0729935442709913,0.18677041733370994,0.010224883474726477,0.065132715127932
52,0.006197138773454276,0.027271483562769733,0.011180552565771917,0.008582709341799525,0.09667274458868774,0.057879883796703606,0.10336655231775713,0.11730738873630339,0.010265767777418933,0.21107122352388968,0.15639601875437897,0.009051318668115276,0.02096423869603888,0.041446530760387,0.00677655979872962,0.015767179164011037,0.03571836174274196,0.024359071888018856,0.030237895660755368,0.009487379882267081
53,0.01846275815087879,0.05315805381300985,0.016658075287506454,0.0534608559183452,0.1978044281180523,0.016054440188909364,0.050294525138902674,0.05759803845715992,0.029289922411836262,0.132542765977271,0.06059333062469113,0.006649769432419526,0.018889807395271217,0.009875141651322843,0.0070286792573134105,0.059729848351589794,0.025929619563495186,0.05554917553081828,0.016547236531892908,0.11388352819931392
54,0.01725462232889777,0.46350550351307956,0.02061896612535069,0.02647477926732084,0.053308753536490394,0.024742833223691058,0.017759020002728144,0.022532716238550625,0.015332681252927449,0.011858157611533403,0.029232870660918127,0.014660726161883693,0.022130798874975183,0.024103007829072255,0.018664118425195084,0.045897524489498076,0.012975131820212817,0.02623632475051478,0.1067952376395498,0.025916226247610315
55,0.10938312879766468,0.03037612180004849,0.00614705762347615,0.030250693233525566,0.006240413358071948,0.14773064563707033,0.007101481923191119,0.19206846453488266,0.005116653206272481,0.00405776308442474,0.07488082574584928,0.044211132792139736,0.0052859631529832765,0.0054069496144494725,0.004236976250973864,0.06387215667772055,0.0348653377279117,0.1858680418031272,0.03072428384070089,0.012175909195515906
56,0.0785667878670292,0.06334967656746626,0.0065947891134042775,0.0437685963368121,0.01769409788024772,0.04462863488970673,0.15733061767891549,0.02201549604225474,0.004787398171868557,0.023161626609235736,0.09353548673668566,0.05576127415549216,0.018598600252794886,0.05871253640387743,0.010533774299112387,0.08809131976199605,0.07249720138209337,0.05034380111451609,0.04943036746646207,0.04059791727002909
57,0.04374794403732873,0.006461405837075628,0.06472760269763776,0.019070842495919893,0.033732498454796055,0.04933936902844673,0.10880289740766808,0.027235564034849356,0.03707953466067793,0.055119696472447265,0.08723031738310401,0.03637014780865792,0.04341502695827304,0.02995454660655436,0.06295460409585375,0.09249453988521622,0.05960928493173014,0.06784893861444558,0.06403884383222568,0.01076639475709185
58,0.03848692722105344,0.003758464108195994,0.007729998988890488,0.009413576118545035,0.04962390147669072,0.11113011479088643,0.05996100225583384,0.14488175354776506,0.012780532209093308,0.0577070864099601,0.044039138335819836,0.02332608006522493,0.0607657129995807,0.020513534996793828,0.04197980297311463,0.03349293229772471,0.05978800209767137,0.12777517478088846,0.0665196400850879,0.02632662424117924
59,0.04417381386100155,0.05227213134659636,0.037019617434296034,0.049108460784818564,0.06077387770871949,0.03679892611323674,0.04872095298256807,0.047450462288719825,0.031473018722057336,0.0361168859993619,0.08544252759929157,0.04715917326833426,0.07010488609180568,0.05188149180798227,0.045292254247637054,0.026192159983096586,0.05490927904016578,0.08795627853221605,0.02732639249858409,0.059827409689510794
60,0.04660566656894167,0.0035520539048791177,0.009460758521181842,0.004031574992795261,0.11972848382065422,0.059250036178279425,0.07899256767383574,0.053048640408257734,0.008697904385410394,0.03778153889651949,0.06708504875045879,0.048843712023950644,0.046205548267759806,0.10530081597879266,0.006990390280862058,0.039799925128156985,0.09014479421462301,0.022721960290759756,0.032881145628953244,0.11887743408492814
61,0.06837652397411331,0.026175073017855714,0.017974328242626594,0.009394075555248125,0.038776311177132386,0.019331143863403642,0.09470127670792201,0.10022173628854589,0.003459470976488643,0.06370351794074781,0.10286724657140003,0.053305435709517034,0.018066714761272067,0.09593614874331799,0.011126641789127627,0.04594153609321035,0.0963584372980819,0.08181591751900312,0.012930079937424286,0.03953838383356149
62,0.093474275280742,0.06779090164576733,0.0392349815847253,0.032053998441856836,0.039235562540466846,0.07588454565208723,0.0619789552517473,0.07164467618527239,0.0116811163398695,0.031538586919481505,0.04877769802830884,0.033902419519958676,0.030219569031447208,0.052436738581152824,0.07756472675453578,0.03133830452582034,0.06166404454545558,0.020879996780454827,0.06589784061599781,0.05280106177485188
63,0.05318214337252104,0.015291936439157905,0.05489194638236172,0.02480539282666691,0.021158977206737366,0.0836764759503372,0.04050112382315004,0.032578656417843306,0.11340392231037155,0.020544546319295198,0.033547203250751355,0.07988419654545992,0.049404211351904134,0.03920127495811306,0.06131627426801326,0.0960404156436088,0.050684708205670434,0.042495245078996255,0.013698086601208359,0.07369326304783216
64,0.026197180820639845,0.009230929288422956,0.06483855696730835,0.12263454207306344,0.016667461176427194,0.12651274120344463,0.017386912320490576,0.013342122292750893,0.06454827086904595,0.011060933914043612,0.028370663129986907,0.28494340629419046,0.001970378042934076,0.035268055063495146,0.0045551657617369885,0.07767115317123503,0.03936030790454605,0.0043491795197625705,0.044319292237829794,0.006772747948645545
65,0.012735414807907844,0.004988909197566444,0.13010097850009078,0.08179438670062417,0.05803996539844285,0.0729303113005048,0.10096720984657895,0.03793553879001815,0.039200104194721794,0.016752713958613122,0.03801962292208762,0.062456938049959124,0.01165178563611897,0.06067229963462534,0.04734179795594145,0.02499946878245484,0.07993409174678613,0.027600006945968765,0.03752010317337117,0.05435835245761764
66,0.08731394900215735,0.007103835094407128,0.022471946023632897,0.006108031228802908,0.0834019891692186,0.07930194667578513,0.031137577221931206,0.10937359582600686,0.004706215636013205,0.036536300131480175,0.030060408142191755,0.08059591589948821,0.0025115313697047503,0.11379098027902032,0.0021824258919011883,0.03882062886720094,0.06075866478363676,0.08940674168879659,0.04956271695204258,0.06485460011658145
67,0.010434800329212334,0.021414357189820616,0.16810148308689266,0.01371781500066289,0.11083167095302007,0.018704122467018136,0.010715941832131402,0.018045429469293314,0.007504742638261209,0.08002034102861512,0.054269995548562225,0.06381810535231598,0.00689444558247884,0.010703896369462236,0.037027178827399754,0.04926876947465284,0.12194118769030217,0.045185773583285155,0.018018281687188824,0.13338166188942424
68,0.06485116205998259,0.04098159348207893,0.00737017253317932,0.004472403706250584,0.047189544731646785,0.020053421658915715,0.04707807164978538,0.19376379148137096,0.07069232294417169,0.05098111545955694,0.06923692511853342,0.024019748528361196,0.0031125699693354656,0.04305430087108977,0.003265424478989212,0.04087632552367235,0.0327030143659199,0.1063452761846531,0.07096871586367463,0.05898409938883211
69,0.0984100450435171,0.020373632710977613,0.021070964683940152,0.006822712557608587,0.1261236420950433,0.008113771803320432,0.008991415821926405,0.23096203991363212,0.016609524866572117,0.020268348329551624,0.05496887476977884,0.008638481754898238,0.00345597138488956,0.0493882382209506,0.01367303699286098,0.010375673708669599,0.004332504864879118,0.1708197369793948,0.1053344634680278,0.02126692002956104
70,0.06951371536115188,0.01871074846632871,0.030208203614628473,0.03348405757268334,0.026513962245949797,0.06904408349259478,0.22267804943184774,0.06780327743373522,0.1678143915392962,0.044365536091658456,0.02790771531066685,0.015811703775581457,0.007719294915874178,0.02735318381847452,0.0023862521259566884,0.06237966926489403,0.011537267217072263,0.058596348422538996,0.01972400574595542,0.016448534153111018
71,0.050445979673762374,0.07788147024673109,0.019699351383439024,0.1113932158963579,0.025262796337727884,0.04396397868808873,0.05728459530467941,0.06762456573994327,0.03862400501391735,0.050664376684845025,0.05127146712577206,0.08986756655945873,0.0039025806500309103,0.024236519752626477,0.0433490204152073,0.010145530071423686,0.10138791997297239,0.1098007823731296,0.01380277052875096,0.009391507581135848
72,0.043499417123878635,0.07830689031187418,0.04854685054601775,0.08035666424064555,0.04398359135918843,0.03196145524826768,0.05604213378287939,0.03582300449571358,0.02582196587181532,0.01056100473136192,0.039177535415039634,0.06522682849321303,0.058448207219986344,0.010278094971327542,0.029437583618795615,0.03175075007425746,0.0401012524258651,0.007491191683199021,0.19060742681671689,0.07257815156995694
73,0.12839920308243385,0.04843495816871049,0.02050235960195562,0.04690974838678713,0.05413224934771851,0.053357702938326756,0.04528216217226432,0.05129911480916744,0.04767633219266203,0.050821892991613604,0.05081717527086322,0.04389255703304484,0.024290095058339616,0.058684985015223685,0.0504268800666908,0.029072785167107373,0.07014341786184426,0.024556468555611475,0.050597792548023095,0.05070211973161188
74,0.050879578009916944,0.30440197851382356,0.026174657235205744,0.03352539790196174,0.017750720411602357,0.05359301494005515,0.022620043449642434,0.03222975405610518,0.03199095949107466,0.013787465570531395,0.044143074892587,0.030143006537345765,0.023536277072107977,0.029942490581302633,0.042316821996946,0.08577086758995,0.07425285762004022,0.021250798458884827,0.027846266413823595,0.03384396925709285
75,0.018944901380002665,0.029943092883143056,0.09826199860105901,0.08325694539847568,0.029894422591202438,0.04888958844877205,0.025698621143289007,0.07345241822852108,0.024338435334755333,0.04657079018964051,0.0794866240488564,0.01919804860309813,0.14234048288811812,0.05996989592679511,0.004755283582000302,0.03733769424494924,0.03637270214420981,0.06281049616989227,0.06032465317520391,0.018152905018015884
76,0.1283256208973675,0.016005279610038718,0.011686468490312176,0.018371688337831427,0.0427126152431794,0.03709548599827994,0.026829659761110406,0.027247078223771003,0.00906277046129101,0.17402813248807966,0.03827450476104555,0.007630500528098371,0.12121972024839081,0.011463584193632517,0.025937788937016756,0.09131852635513531,0.004820533166181502,0.0203325020748523,0.027641454888105498,0.15999608533628024
77,0.04184452500207657,0.06151795506023823,0.014576172445542766,0.014667586355138804,0.08726646725782997,0.029157684933764198,0.06459243388849054,0.08324366810052936,0.020612776063253586,0.03477629343343606,0.08103727205389892,0.04006026971649602,0.027665484365878932,0.04963270466471205,0.03001463389067742,0.032794466465243206,0.04278402293916098,0.08402077423839364,0.08506607726901097,0.0746687318562278
78,0.0570422354529588,0.030792863422751015,0.06865532597755766,0.05885308752309078,0.020390733965548323,0.06622901620980445,0.026144071252310046,0.05130834457458672,0.047406923009707315,0.08544475170645287,0.0277178841448454,0.08129432613667828,0.07216479187572687,0.08151258389621799,0.042151035173986315,0.04478639649665032,0.014036218959600041,0.03865006717168867,0.01894789539352087,0.06647144765631728
79,0.07649918064113463,0.05208639928795749,0.010378595189554236,0.05456173746435295,0.053945568420395947,0.06677852543022668,0.057798758716759935,0.04529188547964392,0.013451429357090035,0.03152708733828316,0.04361226550369497,0.06609642312821191,0.03940163459225818,0.04728398069010437,0.028074269434056463,0.10774568025595631,0.08210103137515805,0.04413614032242739,0.04404007905454705,0.03518932831818632
80,0.08142139303371637,0.010398712989446827,0.034272797092359385,0.058479226996794094,0.04646294780928058,0.04159230688426584,0.032957524351703064,0.14268059122884277,0.03786695022202751,0.0365276781308361,0.07650951145461345,0.05019047751704008,0.0018314362098107364,0.017944858624513393,0.030782697259097862,0.07613669456946606,0.011427224270229934,0.0702082842914421,0.06754760297707707,0.0747610840874368
81,0.09006662792010323,0.011119413694802092,0.07800090370734374,0.08686583131683172,0.04342731944461454,0.05335775617241929,0.003661554925660558,0.06314631236402925,0.03304882332799884,0.041681746663816154,0.06521081672858907,0.0588186806592807,0.045160453893524556,0.06694659249273507,0.03349602942976468,0.039355008910011584,0.0385411092290996,0.06789760732238984,0.046844859679366566,0.033352552117619
82,0.040887839389480686,0.030778220737622722,0.041302668763716605,0.08546599309924034,0.07974102509755164,0.028092298998790996,0.0361558913434179,0.0605739512862634,0.02940425125044312,0.034850889494554824,0.08172815902356168,0.07383536999204693,0.028885190738827966,0.050507564328316906,0.06942321727530007,0.04490351447086815,0.05185257205650031,0.0312014799811578,0.0403894656861337,0.06002043698620429
83,0.1124584325779332,0.017035387193770294,0.13906510421927343,0.20397015198878243,0.01154741674364861,0.013630649390236109,0.006976100599985982,0.031799856480721214,0.03720853148685277,0.01945269894228333,0.04762177961187751,0.009226949601206721,0.030873428053460873,0.09702989973630897,0.007101130922072983,0.03897125416447188,0.06080712161860025,0.027109437161443827,0.023555736024939423,0.06455893348213021
84,0.04564504953837533,0.03117993951318329,0.005803755632414121,0.026481006666734364,0.011784003209037794,0.05500799439934603,0.060203060540286686,0.05749492020194607,0.045858842737178565,0.033232005271969685,0.035064616613043595,0.018987877413638755,0.015433815520679326,0.09033948659347817,0.04917149114094509,0.13481028186944616,0.05601230660757519,0.08321598531415764,0.02740796970662712,0.11686559150993701
85,0.03637847960549603,0.03555925441608672,0.06617582996759536,0.11119737117989835,0.055629157472620434,0.048923053171909994,0.044182200425336104,0.009127388978969338,0.05025352576181814,0.022729010733752192,0.09235875963185342,0.040491406141262655,0.0411241340031929,0.09753786916010497,0.04195890975002882,0.03588211538799225,0.0096128886251984,0.030392846418438608,0.08010573027206183,0.05038006889638351
86,0.045066065080336455,0.06168238050090022,0.010768084119828575,0.03319200581197642,0.026417415220021723,0.00915339381905979,0.06617884164622839,0.06949813384045833,0.006121789631611737,0.15612291692942853,0.12720550839742453,0.04977043130063986,0.005828785274794299,0.026255922043308705,0.0047245658759661495,0.024751756484635293,0.04133058860694775,0.18615353919712244,0.03221716366642027,0.017560712552890455
87,0.04460931705849109,0.08149911345280152,0.03180916177913851,0.04749328452108789,0.036414662021930104,0.010438157706130652,0.13779040518387417,0.026502468983870098,0.02659628060228227,0.026322898372187372,0.05007927678066497,0.06499187897458954,0.08759381524493053,0.05180271118565446,0.03633424978189951,0.03931572601539984,0.039702599197208054,0.025144461496684204,0.06018256632350251,0.07537696531767271
88,0.07464003151895714,0.0637804722653142,0.033857974200514306,0.005956907225608792,0.03686993779641856,0.09813532635771706,0.05530443684750421,0.007777565310627056,0.045221483485072926,0.025756740595469257,0.05285808883701715,0.06889198639899796,0.005039608980647158,0.048834729812637125,0.11156093804324001,0.0775163152912548,0.035012950801214436,0.0077831416401846635,0.059174850321187196,0.086026514270416
89,0.08153609751495892,0.006000813988219033,0.019344406621921183,0.009197122423404735,0.060280453805472596,0.0066594703914913365,0.05837304894428464,0.22708692653543658,0.041221232218890444,0.05656508454602878,0.04968946166996484,0.013052798936707074,0.0071005706365715555,0.029672485176049604,0.006657752180896104,0.008507016151614871,0.018612213021041178,0.13537068383856268,0.02675712146559142,0.13831523993289244
90,0.08143835894993427,0.01806542603521595,0.01917980000275996,0.0798942760395324,0.05377387904155104,0.018219377063790967,0.0777906666796648,0.07666291564619654,0.03814302995473419,0.005251881080322131,0.07566246205107577,0.06493435179670189,0.008272242460396467,0.010711936941769688,0.09167365952546233,0.014830128600115247,0.046798562077858034,0.09466519958299668,0.025148318098954958,0.09888352837096666
91,0.1501953454086408,0.01904623658655821,0.025289282936840504,0.07489040904930339,0.010353898146432443,0.03886600670991818,0.034416250702462785,0.02061088172515637,0.004281381772121128,0.11102950547931548,0.044047937909337725,0.03784645771239047,0.013835654087018295,0.029325671978122914,0.005060106516595396,0.09546724009933993,0.12116376236491158,0.07143796732050693,0.028012364067767203,0.06482363942726026
92,0.0919354276508317,0.044568510723708786,0.06411483164802743,0.0687125118174549,0.033117319531960246,0.025826955141124916,0.03642351541708739,0.052007495689602834,0.021483122049807495,0.042935375223545166,0.05425325778696622,0.07115301862039966,0.013494258086935391,0.04782802055781736,0.020596867472334628,0.04211263951475386,0.05052689098195337,0.10406375537471095,0.017377847921618714,0.09746837878935902
93,0.012601744179826804,0.021754877235961888,0.01768299114590672,0.045850839992571446,0.25681657856474394,0.017265737445454156,0.022044119685264364,0.040493337757795574,0.022253682514418057,0.03914542007926031,0.16635928066051242,0.022328895854092114,0.014700943703875919,0.018249505208962433,0.019660578442923928,0.08525447373978416,0.011992136657051504,0.012208949857058648,0.09820073768160109,0.05513516959293452
94,0.06699420934410324,0.013881939658835626,0.1209395918581235,0.10519389230777929,0.08205683403587187,0.04112171222815351,0.04643071882250517,0.016192151248373317,0.014245324582366914,0.0159796403262819,0.038855605393546704,0.09967590747428942,0.0033274791128266143,0.08668086995967171,0.04195807453415308,0.06818868644924046,0.06686746936514075,0.0061524987232262195,0.019086306106356254,0.0461710884691544
95,0.10140199712610083,0.06535594306670924,0.011470761058120229,0.08741792168923591,0.015621975298758809,0.07573267564567902,0.006520890431449507,0.11497371019268987,0.029257747642101317,0.11786585507291643,0.11049469227079253,0.0049574111613825715,0.05044934375706805,0.007467325658969119,0.00483164423772333,0.030915742304322407,0.04802630280682185,0.09164564365073506,0.007238934602937735,0.018353482325486198
96,0.02270063507263232,0.023489272575416213,0.01563676815468307,0.012296014944525925,0.10941527793862164,0.0741790099398274,0.04977239106114898,0.006783811889786989,0.012018971229887463,0.00799668374400465,0.06877301992459398,0.0981507111193855,0.03987001301585109,0.01625434525634489,0.016627058316685605,0.04461020615354446,0.012206299125035161,0.01285421111055854,0.22651626404367944,0.1298490353837867
97,0.04279386133334593,0.01734022901776017,0.11874159251509697,0.059088375542655856,0.03642460432209009,0.04839426121181042,0.02349615402538257,0.017182772231067164,0.04857734951286705,0.02201314818666964,0.09046605530622308,0.03669545967464504,0.006919948820442051,0.12588405684047538,0.02168572019129382,0.0701366656453681,0.08151562414279277,0.019039491339183947,0.015675354776517717,0.09792927536431222
98,0.08639709710955107,0.011817457907901287,0.06973739010412697,0.06852491823946086,0.018078630025317927,0.0586290519245875,0.08883114868729168,0.02052525096247865,0.014592143079082572,0.07941753831049739,0.0211669743376534,0.15203303167097237,0.006840272671125986,0.0941799699540594,0.005705157681522514,0.06761922331649006,0.06624611418108822,0.014884977409399388,0.02082750381431033,0.033946148613082434
99,0.03859566770479649,0.06368409002537927,0.02243132925045308,0.1255416562489843,0.06481539406097776,0.026737213133112926,0.09246585938695885,0.03389651074755718,0.04595654336012121,0.03825256157328158,0.01101815755152622,0.05277490278511258,0.040036850257396,0.02394278099798702,0.04447810873728111,0.05560352289390482,0.06409132461300666,0.002604824119786031,0.10880020586223099,0.044272496690145866
100,0.010719682879499093,0.015543434528076303,0.017101051677741272,0.06628341910804457,0.11690382432676752,0.009916890310210254,0.014767990388211851,0.1479985494409933,0.015103368597190282,0.12555001685697625,0.28352598686666697,0.012432839198702741,0.009154238001757358,0.022551014987775463,0.013038246062599882,0.02752225947189171,0.010562206239033013,0.0349286546272847,0.029274483038834977,0.017121843391742428
101,0.1141771972838925,0.06664412913608331,0.09976105926526747,0.06845804709332176,0.01096381961053253,0.04481037885670731,0.03311838690969025,0.2149237114364322,0.009570772791809224,0.018731596864193848,0.015457295740159114,0.021565817837336795,0.050345469919709646,0.009632788207383027,0.003932051288853706,0.014247375783349005,0.005650433179998295,0.16583213450787804,0.021851883861641306,0.010325650425760655
102,0.012349021192549298,0.007865822881880594,0.10088019989886148,0.07216283889848171,0.11363250299949072,0.017968477895376877,0.049781271563964107,0.05098080475466922,0.012596172551325384,0.0349660804166449,0.02687529687750287,0.08598871950720002,0.04012691031625797,0.044065589551665084,0.0467357288177922,0.03739713950531912,0.07332049872074561,0.03656442445267411,0.07859198052524465,0.057150518672354086
103,0.07484150922803423,0.009993626048780933,0.04789611512873189,0.14749435684202294,0.07281718054410868,0.027089750162774658,0.041033416898465985,0.033488893206233716,0.045500565915820336,0.04924546237002821,0.10953611958858599,0.03967735131036453,0.008642224300552509,0.10780637190613183,0.012589323997951424,0.06994085874691455,0.03268370079050957,0.025849830876862802,0.014145379695132403,0.029727962441992814
104,0.05671879571606487,0.010460230047058858,0.01079003849910114,0.011218639557852376,0.06323663824827974,0.011299594379697178,0.03939004376072907,0.14910677199009975,0.024511113898182158,0.21972145043934466,0.13074119034715972,0.017068820092651416,0.005343036647463254,0.00902346225034029,0.003595356678734062,0.0045355540258469945,0.09383924618921914,0.057194945284184305,0.024729656244255972,0.057475415703734996
105,0.0839436626720293,0.026890449604641542,0.02385459190291956,0.013102190625505187,0.045978138855237945,0.04174077233902382,0.113663999804893,0.01811065284149681,0.07101520712952397,0.0887067713573305,0.04909075516426849,0.09476229931708614,0.0025198038248433812,0.09170213041461395,0.07791049106574752,0.03528181851362029,0.03632338585786801,0.007879189168230421,0.057027621616854526,0.02049606792426564
106,0.05417250035800346,0.03291083929714406,0.06439114023225996,0.09960305742346284,0.059836912449175134,0.05820827050243912,0.01658219273681202,0.061097659563975164,0.04090405907854133,0.08100157277771941,0.07695557755107602,0.03443059087280897,0.004010025381041446,0.03799254278109633,0.015620661887648506,0.06999143851473162,0.06426339066001016,0.06589859517766232,0.04503346663792773,0.0170955061164644
107,0.0340865538416408,0.01467205286722355,0.3147856014037822,0.06109135935358562,0.010736216890062126,0.018425321077610187,0.02336449177192886,0.03298888506904928,0.011684051101081946,0.042730108075282554,0.031898046728075044,0.0655511914669199,0.04317657540269438,0.015217886753994122,0.006106716228016191,0.057298130968879944,0.15738589968913938,0.017965267811815407,0.0216708557065838,0.01916478779263468
108,0.09228062701137531,0.05396504570005186,0.006823094945889271,0.0262520798206073,0.015712874197273994,0.006932338972717997,0.041055287296843435,0.16107430926813207,0.030677793201525954,0.06407813078521786,0.08874383185202388,0.02898609331511925,0.016931204975927098,0.028791784017651225,0.030490082966501353,0.08130131543020692,0.09858618891719739,0.07850705177951568,0.023177657085646886,0.02563320846057523
109,0.01685507523103635,0.029428405672199797,0.04006306527067852,0.10981666765866774,0.036728149170709795,0.02507687703519596,0.03614900218103539,0.05900596928456314,0.012748241573803346,0.09695948895931808,0.08550624375896847,0.08903253587097583,0.030062083541279844,0.1103710243844346,0.03280932398715741,0.03863758816792632,0.035289116783746854,0.07992567103219402,0.006325217745806582,0.029210252690301957
110,0.048936345469177835,0.015387248866478074,0.043159959957893165,0.07852985236669713,0.06260699620497928,0.0485384609789685,0.0861556208574782,0.025672783560030905,0.04727837473364869,0.034859569420001,0.0495796802987143,0.036450398384124456,0.002943745321754058,0.06435815097946533,0.06347224410023493,0.06654805954115627,0.056386751536413204,0.05063748881300465,0.07563265637515083,0.04286561223462919
111,0.042417445934261104,0.06866105634028258,0.02293060239350562,0.041466064726648745,0.010530890328919146,0.016538511905052972,0.08450486647132449,0.12855098724314787,0.00914779855630584,0.16842374715293162,0.055216744030585595,0.016915108215494155,0.01713155085709061,0.07339172451372968,0.013073741053044319,0.006592630605590208,0.07619180315127312,0.12002728734708266,0.017428847694400548,0.010858591479329098
112,0.061518639047502405,0.027165832843450324,0.010984971504709617,0.01845988159380378,0.13045344451311777,0.03285445223858828,0.03676814030850885,0.03401998350326323,0.013055020794495482,0.013228355826991577,0.18174911149028958,0.03380644467936976,0.004115571616011605,0.08076575424891949,0.002542217830000449,0.049912492634943594,0.04767521878640114,0.0757432162506862,0.06705257849880152,0.07812867179014533
113,0.08526970794022,0.004335956978210274,0.06526918705667743,0.13421261971299694,0.04157668031369309,0.10753560909401479,0.07855971941202279,0.0061367615887287326,0.012193573358423086,0.034974404956268766,0.09345017659098917,0.005310974859712391,0.0018442227324833454,0.03271027101275533,0.015497471029124512,0.10530542738200618,0.13690333248868014,0.0038659211205407757,0.020972629027708193,0.014075353344744036
114,0.08918757341181863,0.06408701810775526,0.06812087983176297,0.17490799375492777,0.025206650733548792,0.0413723209469472,0.04256603835532301,0.026069027831568684,0.03213007860331342,0.021355209529790396,0.06069196191155203,0.061200117217418595,0.0011030893247645458,0.0651377246044787,0.034635059447206254,0.022256918594955117,0.029208030967739166,0.036024896884256294,0.01701722688868148,0.08772218305219169
115,0.1803172945399588,0.00792919929817137,0.013848305263240325,0.0060613322739836,0.052832250016266825,0.014476635653548484,0.04764787820595189,0.025355296665207343,0.008231643159345823,0.030105975463521024,0.26372769765536686,0.008909324762251881,0.0038028373032841928,0.004359472716873006,0.06654480162175172,0.08987035843632604,0.033465654663759094,0.04096589143292289,0.02752666247889772,0.07402148838937106
116,0.06420813343117411,0.016284579576380524,0.015395565418416345,0.011401366962505793,0.06397868590347539,0.016400987141325183,0.012926503951777937,0.04746907344773905,0.02709040769784192,0.2557593513788456,0.012678013383951131,0.07045482678029752,0.008474645302814356,0.06843856297191035,0.01713749252179324,0.03904487608568586,0.12170036842299355,0.07010938410941378,0.01164686429400394,0.04940031121765446
117,0.07696286874356711,0.022874918709408342,0.10317527502286884,0.10850814122852676,0.0395199512435657,0.1033069053546494,0.0412912791463759,0.02213533474891596,0.05387636669398215,0.05539386738766515,0.027421323557725846,0.025342225587201204,0.0033009299541524933,0.0359699521951536,0.047230174268934194,0.07197770619123617,0.050937256098443046,0.027867914522591263,0.024400653328501738,0.058506956016535175
118,0.07026485852338919,0.01781168710556562,0.016106059915826927,0.05419109570940109,0.06554510758072193,0.028543961712218555,0.006107051267920226,0.0731106539321275,0.0039937355862743615,0.008823515356700451,0.04049321986139787,0.011609413965788412,0.08814281228842956,0.14731793055114292,0.008910296683730255,0.1210011633109618,0.05407174319215938,0.07744256127183154,0.026493058737716586,0.08002007344669583
119,0.1607839554406499,0.1517111871974616,0.02841439485228874,0.053700581688248726,0.0076704007228498025,0.008746676859157684,0.06929834005925954,0.023518978805572084,0.02757815528469174,0.017976249037452534,0.02801787008527471,0.025062512046648205,0.006463671111674651,0.10753787248708972,0.0631702479275791,0.04988386304191021,0.01540356873265817,0.046393030531391266,0.0702379130466096,0.03843053104153197
120,0.08124201031130242,0.04203692502208145,0.04236103865382882,0.07208365830949891,0.024127627530470687,0.05597838206435653,0.012620003600994942,0.03219369456493239,0.04462401262980153,0.12416986345121934,0.06475603150566665,0.008996775945543592,0.0072798401720602784,0.08401641929085184,0.033505787484405025,0.02492727815036372,0.08736503656269369,0.13325527535328777,0.01085916606468594,0.013601173331954488
121,0.04016590160495243,0.13889019703560843,0.014887944446512117,0.06177240227401204,0.00931351262539659,0.035216147755957834,0.02834465151058646,0.044072890206533405,0.08505711692414326,0.019747354900445595,0.006931435825414772,0.09602641813124967,0.051187135040777924,0.06194324163960956,0.03386013289710682,0.12508339382958208,0.03246926274658341,0.09531387638114115,0.0046293042181483,0.015087680006238145
122,0.026999341776337848,0.016068429679673042,0.020740483754574462,0.017107535260815064,0.029101007641559897,0.03788953691255126,0.01438689790979341,0.024509544216272154,0.01392563047374926,0.49701864552260205,0.03022942234655015,0.015577488081369535,0.008064000276625904,0.018681431094366405,0.028975373453936006,0.008978787651450994,0.09847695707981245,0.039307557009236806,0.03749523406922339,0.01646669578949991
123,0.08821852024970431,0.02284113313394528,0.041261219781399475,0.08666100233933569,0.017524448987466083,0.055458005248355924,0.04047810913796479,0.0255135921620079,0.061351014369850285,0.05065011416500807,0.03338541406764656,0.02036641927402124,0.016787837196324706,0.004698924923171868,0.03949113895846827,0.11196631630716868,0.10676183231987804,0.01880021649037115,0.08703056801604422,0.07075417287186744
124,0.02694742582697698,0.03366451372323715,0.0827801538279079,0.12059639008943343,0.015060880529718502,0.07286393950716423,0.032333734075356106,0.051268094247766904,0.006660737420251506,0.03698277158215618,0.01210621722116338,0.06295323869865328,0.07315192532058191,0.08476451838989578,0.047507430628495446,0.08992513250577372,0.060221262071999876,0.06839815287291663,0.017209152866690884,0.004604328593860199
125,0.0605975911871932,0.019232477981448233,0.07369519922414151,0.015546526402819361,0.027751028199506447,0.0099104378657506,0.07511976423328998,0.07924133930874105,0.0670890562184147,0.3701211255104785,0.020427782075526455,0.012945049337701306,0.007494276803149978,0.017764198628911328,0.005729396512664204,0.03694740759212387,0.028819707093823706,0.014355369941275979,0.027002227859701623,0.03021003802333807
126,0.012279271794067126,0.4732281314589684,0.013232799087801818,0.016330423577594524,0.06313818013002934,0.029268159090492407,0.03673403705691633,0.031132305901594513,0.04206652645085792,0.007276546299808574,0.023061269272181703,0.025959668802220785,0.04134266902301065,0.012441989269655507,0.05071020497296564,0.020470073809548472,0.009865381876174568,0.00996332536081151,0.04670488066931724,0.03479415609598286
127,0.049429037129788356,0.09558724905768576,0.04108436210743447,0.06013376498667719,0.03520219321603999,0.012071782496626817,0.02639938174382055,0.01704516033556493,0.03458677399883395,0.04353320383238218,0.02113515473289757,0.016332221497740728,0.01665539913661789,0.01244871294196399,0.07118821913714539,0.012157960246563865,0.13640799858770497,0.24569934081049705,0.04027424995319993,0.012627834050814433
