site,A,C,D,E,F,G,H,I,K,L,M,N,P,Q,R,S,T,V,W,Y
31,0.042502556708326616,0.03475109788537231,0.020492833007538375,0.04814987947349537,0.3217894300059957,0.013651546819214056,0.03637285314499706,0.006376368448249779,0.05963037630782696,0.010357640055550456,0.058415568690941735,0.02258775875104805,0.029283883624781938,0.021466486941525583,0.030878626123561074,0.05931212167125487,0.1251475472774977,0.0328371447473979,0.022077092387999726,0.003919187927424878
32,0.006254695900395514,0.2536406216680177,0.04055410044484344,0.06259585582374642,0.0005668243518387085,0.041528844510410105,0.04833382093106749,0.010686929196443592,0.038068839793960564,0.01979161948990822,0.007589202822908871,0.06547317736960151,0.07670618361410017,0.06120719523886478,0.16273836216288462,0.05288787921062167,0.019763091351328893,0.02941913686955368,0.0014257601651864577,0.0007678590843177503
33,0.011573148211781603,0.02684791222443657,0.007435168182768798,0.021231084359704673,0.048186768704408654,0.027979609192688094,0.13353437894690573,0.022617425363991975,0.00579553161326126,0.05269476900672082,0.22239864609536472,0.04828653461311118,0.04467141850420603,0.07139778609690113,0.019210725250588062,0.07479916736018055,0.037706375515214066,0.027570287413237648,0.060829605467512496,0.03523365787701592
34,0.20429460716361675,0.0009501570947721426,0.00018472766328092,0.04739769023556847,0.014650932631202672,0.01700763659242867,0.005580852434780917,0.08346740009858157,0.020578464318817515,0.053531699762506636,0.0019540946572688084,0.0008373510123564554,0.031231266689594382,0.08160219327030624,0.014998647074665491,0.03181281606695128,0.06203833761087977,0.05510031395008239,0.026721022165097863,0.24605978950724094
35,0.0006042750085797594,0.011330991362274528,0.0010719039948067972,0.000903649134030505,0.350891676752767,0.0009770632209391312,0.0004108278512791063,0.004198192680721218,0.005966809991532452,0.0010606338007683343,0.0018155894362380193,0.00042950585851865954,0.0002737361786557109,0.000521865562259868,0.000929747654396899,0.00026563054070403194,0.00017976292914081575,0.0003470873350298129,0.4438846465602029,0.1739364041471545
36,0.03830814765132678,0.050337615214648176,0.0003384183006904222,0.0013596797155323085,0.06224863929965425,0.0005455450893802894,0.0002120999307334535,0.0042940210022438165,0.0002685503057026615,0.004231236948885394,0.0015722190321365438,0.0002954475338959117,0.001849649875494108,0.0005726410324137703,5.18223402964084e-05,0.003445300630215329,0.11062883293873224,0.714965089514027,0.002698141381129589,0.0017769022628614413
37,0.003435127490056963,0.09889580147582304,0.0005372110067366681,0.000745154756336352,0.012878199451281462,0.029737407199482972,0.0003162859810690499,0.0005818498075426213,0.0026912696949605167,1.6074893249807057e-05,0.032240367531766775,0.24174275996723152,0.004496217344106702,0.00037384156590597743,0.0006163041007093507,0.10927056135777997,0.44711421215321345,0.010389306458855002,0.003659090715371621,0.0002629570485203371
38,0.003448437524222495,0.009593053866788546,0.000634311111367924,0.000586768074809818,0.004155404714882336,0.00437373477430434,0.0004782037803684902,0.0036496197250519774,0.0023258401961773886,0.00597771804012692,0.002114648979115877,0.0052201445481164675,0.002320620478906537,0.0039466020186622545,0.000262527429030569,0.007567348154484483,0.005420825329807362,0.9342577649916418,0.002766406306937581,0.0009000199551970088
39,4.469957696155143e-05,0.0009499803640379836,0.000487919701921538,0.0023037594913631323,0.4823813511381433,6.153459500684028e-05,0.0012781347719236923,0.016423765715205804,0.00013621653619533307,0.017408244042671866,0.14551185949732384,0.0015998910611644903,5.5548067616468574e-05,0.0001189741202117916,9.501865504307659e-05,0.0013499801820565016,1.6808294644122854e-05,0.01356580794459874,0.0005350690861298965,0.31567543715778007
40,0.0002718700554781868,0.021151069157869257,0.001662732134466083,0.0005690342639187426,0.1131482087843781,0.004883132439149401,0.0038856038582406422,0.032827684177736106,0.0015263603120089357,0.00027943708659332875,0.009788424391017117,0.004514948732198753,0.00019362188581930384,0.0008559073395467316,0.0005462851309535291,0.00013419124858443163,0.0028016447497020785,0.0029976766503753615,0.015107735284678693,0.7828544323172852
41,0.011994886388600887,0.0006968742689715203,0.0010270072389620454,0.002476372487920884,0.0004506677236341767,0.9295662477196185,0.003906330912499475,0.0013157625644650997,0.009956395938147764,0.0004521051666618461,0.001288321717538595,0.010818459612405438,0.009459803997479662,0.0007123142743488695,0.00324952692592794,0.00016806973831433062,0.0002459143148871909,0.008437457397292781,0.00318586311896075,0.0005916184933622958
42,0.0033549635151132315,0.03377615659472608,0.0022825747956209848,0.023283313326085228,0.0034877068717020826,0.0022335812864453216,0.0009671729456733515,0.1491914353089199,0.0006145925967497944,0.010733526593455986,0.0030823873326093487,0.017529940014833913,0.00016652304455734739,0.0005488367086173465,0.00011107607174968404,0.00021934673318578559,0.01003246478169017,0.7349539833925878,0.0020698093501167977,0.0013606087355601043
43,0.001332501100796431,0.0021477683945238133,0.0005311310536916068,0.0011276584244104243,0.00403676850125906,0.0004989836757708728,0.009413263441543269,0.0020647900964271782,0.0003545634114103192,0.0016076372529092863,0.0009153653767234107,0.00034179170904920827,0.943623622898202,0.00025371468840426707,0.00024944373813821235,0.022329770254084072,0.004633822944180889,0.00036858282240425494,0.0025012074409232208,0.0016676127751482249
44,0.07229526091094288,0.01776943629222938,0.00018750005112795805,0.0027076686350124765,0.00025215550038283494,0.002267167997103323,0.0004516379833439677,0.10807580399596892,0.31613352690749047,0.028370552120271845,0.0020985148832494242,0.035258074804348186,0.0003459189289576653,0.13632789762163688,0.0033509787574763335,0.033830495353566754,0.013337879183207542,0.206945615811228,0.019735913747191774,0.00025800051526328417
45,0.000734948201351234,0.0022333240582765182,0.001540314458834588,0.009462067958485766,0.14423677637601587,0.0020259322705506733,0.011939853965273778,0.0004743152684134959,0.00030444153289442105,0.0043711726092963,0.0024798310787654825,0.00035085839375847554,0.001026663385256763,0.04453576007082388,0.003024021820240097,0.004253722221817705,0.0013480926775069914,0.03660421090085006,0.4999169762054448,0.22913671654614315
46,0.0018593850179889789,0.018816575219490865,0.04866980389943262,0.1562558156071405,0.0400316873687655,0.0139826584085999,0.008163532566733444,0.019615183126465083,0.10054256753823616,0.1471358571145076,0.06469193717826438,0.10681801040383744,0.00022054453898886798,0.039136864462214496,0.029599587959740856,0.03852808939302953,0.0973717346100091,0.033161411041572705,0.0020201561717627893,0.03337859837321918
47,0.1538531525525579,0.003475944874494623,0.13965395460959176,0.13806980601415486,0.0007812697168154566,0.014840678734163225,0.10072495295036805,0.005594428766637875,0.04092596999188947,0.0002037155284783239,0.09174732235713133,0.023716493106089673,0.033080488038491535,0.04133781746336915,0.0013520499930982704,0.05562136105539973,0.06838826104742442,0.051515350803658336,0.005782072896408892,0.02933490949977738
48,0.17793151950885158,0.08040619385456509,0.06261360409332621,0.01092872480153329,0.026820315847133756,0.14128472021092242,0.036590449032730815,0.010397171573025188,0.03367186893561347,0.0034023314196059535,0.06254254803879725,0.00027141070667431973,3.5917202742037746e-05,0.0018062496258693893,0.007274800096836604,0.2115726571856332,0.09260045393649709,0.0053055674377139005,0.03241012923287221,0.002133367259056342
49,0.0020032002752259142,0.0014075074280951807,0.03895971177676772,0.008129010570967573,0.09327598255519476,0.0011165159142861281,0.002558145749867619,0.03999712574271089,0.0026584335932390226,0.021510093166610397,0.6534726960739592,0.004293385231359247,0.0020437995210737113,0.004381356918171059,0.025019363905211766,0.022948219080065325,0.019040055211874945,0.040711131440915156,0.003272712603623274,0.013201553240781018
50,0.11237559139890806,0.016731143366362316,0.014449352552660676,0.0007123602576844873,0.0015930944334751921,0.04560152388114364,0.0018006197937778612,0.007660644459526008,0.0016701297710225024,0.0005536816521880487,0.002534606172132927,0.018390976097321213,0.06292322850268743,0.0015045430815590242,0.002991095437476471,0.1228849591777071,0.3410070522315398,0.23908897559341877,0.0018659295252099908,0.0036604926141985206
51,0.010265998275722088,0.09731145206987406,0.003877935815793188,0.004538127667875788,0.013673074920035612,0.014592662917824894,0.001296747145800772,0.15282230732411517,0.00018965486425073097,0.0151712670837413,0.03428204530740571,0.00048115385649912624,0.034665035228788235,0.0204070693313155,0.0036887619172891735,0.04812298400319596,0.05877590733918947,0.43890439159443917,0.0008758697385058454,0.04605755359833823
52,0.00022019338669547134,0.00524725067911003,0.0007784423415390176,0.0004420498873738429,0.07871649013947137,0.02626178426465158,0.09084234232176966,0.11908891642234867,0.0006484742416009351,0.41859417096567175,0.22037282605371436,0.000495311518394732,0.0029886862285425195,0.012851084271047834,0.00026660906132600575,0.0016244585068984278,0.009347660576066839,0.004120681374184139,0.006544785303731847,0.0005477824558610383
53,0.0027659874204206637,0.02658846912555281,0.0022194871441011616,0.026913635111655898,0.4425074414047846,0.0020509221434217616,0.02361727799265721,0.03156806642732438,0.007425958387148458,0.1878526910250859,0.03518557423342425,0.0003110152000242516,0.0029047076699996546,0.0007249336385327701,0.00035017512324775894,0.03412126625842568,0.005721359901139868,0.029213636366652893,0.002188003609217765,0.1357693918171824
54,0.0008078122973361641,0.9240389034254257,0.0011826709096995494,0.002019268194808589,0.009029872750476996,0.001747087095586649,0.0008591904332084989,0.0014300583958973048,0.0006274159139444669,0.0003620175524152027,0.0024963053966160094,0.0005700402366125792,0.0013760257332992684,0.0016518295759822509,0.0009556278338162242,0.006554835566876661,0.00043892668685243405,0.0019805471955421203,0.03994236880702071,0.001929195998582592
55,0.09472704914193708,0.006105756127378064,0.0001999255344570373,0.00605192987007604,0.00020647946347618522,0.18021351290048152,0.00027227458647450397,0.3160212272541123,0.00013500513270326813,8.219658740806431e-05,0.04209915846465301,0.013631950256158562,0.00014474578257098162,0.000151928149307241,9.01613032979507e-05,0.029956223336716634,0.008200553624051761,0.2945902612634488,0.00625649730941618,0.0008631639118747386
56,0.08019555166694951,0.05059083461358331,0.0003994190518904151,0.022931202454313765,0.003301350645108154,0.023906276261973947,0.35442077762962765,0.005269601341521695,0.0002012574011025866,0.0058741442061497826,0.116473826255979,0.03850266390426575,0.0036730478033460256,0.042995482491039426,0.0010880994800405613,0.10244616213827007,0.06751904352339498,0.03093878614484968,0.029749908857794924,0.01952256412879878
57,0.02814773196787057,0.0004697792849208092,0.0650917006389352,0.004761958236819913,0.016136816110040246,0.03641064108719231,0.19779013475170035,0.01020906291324674,0.019757927584550954,0.04615201101261187,0.12326006404075301,0.01895782376630789,0.027691329093108397,0.01251481189833234,0.06133563759794192,0.13972769233322457,0.05457149006536455,0.07199398031828719,0.06361845134492121,0.0014009559538700836
58,0.016552082583444393,0.00011397368376937035,0.0005333180829027544,0.0008130499747328025,0.028514177748256098,0.16008929297628857,0.042748583099522355,0.2823914988218793,0.0015642171519120013,0.03938335315532096,0.022084998483419355,0.00566844170322761,0.04398572086157987,0.004305751862532614,0.01993373870738652,0.012293685566619219,0.04248507231425326,0.21581309297578868,0.053382029389946906,0.007343920857217319
59,0.03386954050223164,0.04855731581900138,0.023206024584881017,0.042484543394600074,0.06703640150546113,0.022910978402388708,0.041770356608642346,0.03947398612262422,0.016396252650199318,0.022011845913798164,0.13897573274476094,0.038957228906865905,0.09100343005817012,0.04778406362598679,0.03573120394481924,0.01106733457288716,0.05395085258883526,0.14787252057947187,0.012118323776414074,0.06482206369796077
60,0.026141760416267007,0.00010590152003447664,0.000861702812572963,0.00013886471609294006,0.19688769496567263,0.04369478510191727,0.08085567283082859,0.03448886266265212,0.0007198189368542992,0.01668224127485056,0.056997399860148,0.028901906917970194,0.02566382557473186,0.1495821866034058,0.00045092987343800013,0.01864764475517328,0.10726275705535467,0.005619141464696412,0.012392028801944618,0.19390487385539437
61,0.061950577347704185,0.007936416429066076,0.0035505942700279854,0.0008856293525296338,0.018402491685261115,0.00414892420219166,0.12437864526033603,0.14041155577743128,0.00010442995169027105,0.05324196166867715,0.14846270332141767,0.03636096011094911,0.003589763187919646,0.12787522682578098,0.001272223828672319,0.026452342265054447,0.12908280631387076,0.09095304439887622,0.0017545709173932785,0.01918513288515015
62,0.15686181316864295,0.07887564801928992,0.024473569257235935,0.015879033135289114,0.024474344761778222,0.1004070635529124,0.06510866943057442,0.08878298040805663,0.0018308494337671598,0.01533763847025274,0.038996865985547954,0.017903164695940513,0.013997581751930693,0.045525681988409616,0.10522468966016134,0.015129956687832824,0.06440278034073751,0.006345403399959374,0.07423700718202428,0.04620525866965654
63,0.04196891613125576,0.0029143290112159837,0.044909408244625505,0.008205735930229321,0.0058391207823131315,0.1107031808826848,0.023429790325523493,0.014705027674155664,0.21217438185210463,0.005482258273830379,0.015656453340082924,0.10024324767316252,0.03584625263417753,0.021849991593080393,0.056911624949137964,0.1486758703579661,0.037863916840177946,0.025967921356928693,0.002302719642360718,0.08434985250498651
64,0.0038980305953560173,0.00041822086668926725,0.027108397119430732,0.10602588625890573,0.0014810888677637335,0.11333076464092193,0.001621274541203929,0.0009199448922705683,0.026849336715054895,0.0006158783487980162,0.0046229712459993424,0.6441157503919439,1.535028866258243e-05,0.007365070727457856,9.22527767383137e-05,0.03989664364233208,0.00931548889513557,8.35549503229499e-05,0.012008509798669102,0.0002155844363435167
65,0.0018088050152499245,0.00024344211531007477,0.26135098114219385,0.09680371423905482,0.04645578682245293,0.07573331971847609,0.1519181593734338,0.018699186766055247,0.02005849681774414,0.003252415341451434,0.018787994887176095,0.05435085806382765,0.0014953527384298172,0.0510814605360686,0.030039139661385075,0.007660120476344762,0.09215317561434547,0.009466935095824865,0.018263699014315234,0.04037695656086008
66,0.10107820492270955,0.0004709049931149998,0.005536682407282275,0.0003408530803864965,0.09163387780833063,0.08226327327247511,0.01112674308553976,0.16368590363036167,0.00019509954235330678,0.01566639680431098,0.010319236803790844,0.08516250856760763,5.0887037669395e-05,0.17815963967520257,3.767637338595311e-05,0.017837436610355858,0.046522189330984585,0.10633369952519196,0.03008641744107194,0.0534923690878745
67,0.0008245631131412206,0.0038404014674183586,0.31578459699709405,0.0014806677298627034,0.12949367058324643,0.0028748403930145,0.0008728362603936445,0.002662524987395176,0.00040727378400463464,0.06449361010590034,0.028094789220868176,0.039741824060335176,0.00033966941332932385,0.0008707379904667631,0.012396582376376631,0.022843955608797085,0.15886555213350873,0.018983291688024435,0.002653960486677733,0.19247465160014499
68,0.045687416009470336,0.01710931821503652,0.0004352058906115558,0.0001494343095340872,0.02313782697843513,0.0037066018953713993,0.023021018204356355,0.47539652111879904,0.054947660339009066,0.027299114356841667,0.05255516652125493,0.00545392398400526,6.87966842316972e-05,0.01901463453770156,7.62295616409624e-05,0.017015406974082395,0.010556268894057672,0.13166475625110285,0.05540843076951765,0.037296268504939833
69,0.07120107490163836,0.0024478719734295057,0.0026306727474688717,0.00023553221081620655,0.12108397954531284,0.000341286364759958,0.0004251814079496195,0.4419356809040538,0.0015810536104270414,0.0024208810884237828,0.02047539181055385,0.00039026378128687185,5.4944251797087e-05,0.016283079076722155,0.0010426372689453834,0.0005776397387242115,8.912586441091811e-05,0.2317467183994876,0.08235368024884476,0.0026833048049473905
70,0.04081013261152692,0.002460436815434644,0.006858109566180258,0.00854851394520118,0.005187676059910426,0.040222381152044004,0.49290904464523333,0.03869132509099253,0.2690739330799728,0.015610434933631748,0.005788780752808221,0.0017161351472659246,0.00036995872067025723,0.005545414391172291,2.999508354676081e-05,0.03236900117905405,0.0008742536408304168,0.028312623655444534,0.002754397978318615,0.001867451550761182
71,0.03320432566353315,0.0841036585058128,0.004438875340965693,0.1808937380316024,0.0075588558951572155,0.024738501018415755,0.04358598074090717,0.06216836304217634,0.018750828314530028,0.03351271487644013,0.03437794553381195,0.11424999942925233,0.0001388797298468658,0.006916910812968442,0.02400388299779022,0.0010729358928724473,0.14789596373056937,0.1754047925132487,0.0020733548568022645,0.0009094930732966491
72,0.021134782414252266,0.0743661292479062,0.026731780972808265,0.07859412634750987,0.021641397200506885,0.010928084163647907,0.036346667861578974,0.013949219902723525,0.006923095660556475,0.0010218153727540797,0.01689439499920763,0.05029391300285075,0.039767984515280574,0.0009641314391582215,0.009164184896596152,0.010774490982070105,0.01775829265214638,0.0004899843079218136,0.499048134033433,0.06320739002709098
73,0.30463819457261776,0.03781821952053036,0.006007879342579037,0.035315390422717946,0.04797963811103254,0.04652247568060638,0.03274500670502704,0.04276575019392735,0.036561924024430086,0.04191888887536147,0.04191056200220458,0.03063214845715936,0.008635340943677365,0.05703070577510113,0.04122473401737828,0.012685931968201341,0.0835358675707173,0.008839262287030579,0.041524320115102764,0.041707759414597395
74,0.017170115080238312,0.7894919429547144,0.004140334804201128,0.0070318621500763505,0.0018034010548350322,0.019189410795401176,0.003029605391826814,0.0064630881044304075,0.0063610449359980245,0.0010501874357973218,0.012669983211449645,0.005600533115271736,0.0032982907594102436,0.005521108307999542,0.011574654333511316,0.052494921804457556,0.03855638452865407,0.002650654693190402,0.00472684584020301,0.0071756306983336475
75,0.004105077074457766,0.010933583753446299,0.13905700090663972,0.09754106687067605,0.010895587473700995,0.031218407500451077,0.007883057747278599,0.07460032844714337,0.0070170402979232525,0.028135251897830216,0.08833177558929031,0.004223357593419606,0.30733395130839536,0.04833535812305107,0.0002131303168311822,0.017534093913317443,0.0165785827246142,0.05336747418297886,0.04894931663807494,0.003746557640479476
76,0.157794448928284,0.0018341062405208503,0.0009357144709679997,0.002463656234025266,0.014986191924667259,0.01108276641127051,0.005540354496690615,0.005726453897707187,0.0005430497253094675,0.30284941843854196,0.011850252422683411,0.00037580675088343536,0.13968440229128432,0.0008979389482997093,0.0051536819971518336,0.07618985277017619,0.00014064508541692593,0.003060761333315848,0.005905292610820097,0.2529852050219832
77,0.02629427292515406,0.05998166507954022,0.002752653565491248,0.0027897288324295116,0.12675581657640225,0.012137408668844068,0.06657990965583381,0.11457927213763515,0.0057783860050114755,0.017697043402687195,0.10817825500823224,0.023953123377493106,0.010846818851885357,0.03788766737724545,0.012913596122654405,0.015608734415039675,0.027573832640117663,0.1168804742997187,0.12001435107434094,0.0907969899842435
78,0.0538287010503355,0.014389194166710797,0.08002693255343335,0.05755187923250514,0.005955793454170205,0.07409632717043728,0.010137526404399346,0.042909715653592875,0.036228862153254916,0.12780859184972226,0.011488408555700247,0.11488999611848816,0.0890368093636633,0.115551099887586,0.028173639597744587,0.03207790589466943,0.002678357830091017,0.02340210116171404,0.005090187788329587,0.0746779701134519
79,0.09994514635595209,0.04390624234152794,0.0013908257971983306,0.04849276204593169,0.047328369930877634,0.07472380816273426,0.05485823193556071,0.03255516108116946,0.0024227055974872487,0.014994073318178404,0.03002608410141623,0.07309994012385239,0.02416221047098219,0.03569638347095466,0.011698126234452929,0.2080041058554229,0.1162631868215224,0.03080321903750099,0.03065992610242856,0.018969491214849046
80,0.09480195946501371,0.001159239548471173,0.01488088976706182,0.046689619744505126,0.028539432244058433,0.022517734902354262,0.013685468449263726,0.31490368996109436,0.018421032406822267,0.01705485718729145,0.0829827610300165,0.033664060927848155,2.8197545592021483e-05,0.0037262205029793753,0.011825326467036526,0.08211983386579057,0.0014185023838959004,0.06904113999070138,0.06356267106624486,0.07897736254395846
81,0.1425991733977334,0.0016216812537584795,0.10481983529467748,0.13197360288283658,0.02993388771600381,0.046510716482170124,0.00015052011422920004,0.06669525872549044,0.016685687226308407,0.02741791982052743,0.07144869221626007,0.05729450239738118,0.032548652491938786,0.07558040168321388,0.017172597087160908,0.024246568717176023,0.023186119189761142,0.07789665730148095,0.03520195732101804,0.01701556868087366
82,0.027688736494587144,0.015077618243666475,0.028293377649662395,0.1341310691942208,0.1156353753143439,0.012401334315711542,0.02128113794653035,0.06420716078838691,0.01367380238311203,0.01967112993099695,0.12188972701883326,0.09807934713755039,0.01316244727353723,0.04351854657579537,0.08596304033902696,0.033835417907194444,0.04603626501098581,0.015524819074082786,0.026971517538423268,0.062958129863352
83,0.12357852109641822,0.0021772753561364725,0.19467354260013076,0.44186807352983204,0.0009474092368876653,0.0013510936976447385,0.00032221912215017507,0.008279610372469774,0.011587642072078935,0.002892257593215233,0.019648259541674606,0.0005861982200044191,0.0077719794933639366,0.09011519036765306,0.0003347040364632247,0.012794197072972288,0.03314992668033776,0.0058843423203241456,0.004356191370072008,0.037681366220170834
84,0.026519661868450645,0.011731635892931394,0.0003212203227783736,0.008270757954756605,0.0014622856052818026,0.03953454422768229,0.047956694527080776,0.043458284529228286,0.026786188208395255,0.013446105492880297,0.01508291780012124,0.004058869035553349,0.002604943893593232,0.1142993087905393,0.031097976536456757,0.26919857533455005,0.041095294802219094,0.09587557184062168,0.008902705223268699,0.19829645811361069
85,0.018720733127832078,0.017830116906960174,0.06736157558803768,0.20453036844431954,0.046458249269467226,0.035291858543402166,0.02837558593354137,0.0009710848170626978,0.0373776434343528,0.006842233164524305,0.1374797215434678,0.02354355525225122,0.024337872180926996,0.1545063423940774,0.02540734617663626,0.018178352880569643,0.0010849829067187545,0.012742254384832803,0.10138077273460719,0.0375793503164118
86,0.017762360651421803,0.03477020610018958,0.0008299247493212853,0.009231539678100474,0.005663797859798964,0.0005862032906047815,0.04042047942468706,0.04488332077045626,0.00024784618273716267,0.2536770045740569,0.16364589657206124,0.021967531629066842,0.00022315133876479456,0.005589961568969007,0.00014236293736606944,0.0049269635104070226,0.014759908271624243,0.3696468690174792,0.008661024845324211,0.0023636470275633166
87,0.02801818457601886,0.10175047267275134,0.013587233028670194,0.03203776282890295,0.018146819067681088,0.0012517693411343222,0.3130385864237103,0.009193947495337362,0.009263732417828808,0.009061151580293109,0.03588702738372279,0.0626884773817125,0.11873053654506113,0.03858189821110606,0.01806117185635351,0.021381646457493634,0.021834426690396994,0.008215157007822563,0.05317855928006371,0.08609143975393872
88,0.08167926468761419,0.058342344960248496,0.015046192448142296,0.00036517137510526913,0.01805639653345049,0.14670956564040663,0.042999012543465755,0.0006461860585462841,0.02795052825518833,0.008380282748441704,0.03903108769313328,0.06880708675415848,0.0002553179667779024,0.032948203989376874,0.1930314859110724,0.08856322340720456,0.016165963134897408,0.000647177925859758,0.049696485502413526,0.1106790224644964
89,0.054315271409544875,0.00020417514606931722,0.0024995492889192065,0.000509153029937875,0.028458424965278447,0.00025514911358356495,0.026566088259851024,0.4862776236763504,0.012618042849355218,0.024836293595848057,0.01882082716125346,0.0010770575998818067,0.000292685145755926,0.006244109555789855,0.0002550082558604915,0.0004308801160252605,0.0023014464450183724,0.16072958191714606,0.005004416152570825,0.1683042163159601
90,0.09461644382253998,0.0037709232798799164,0.004286263348119437,0.09081886214529325,0.03892380201018266,0.0038400269560261886,0.08577828673324664,0.08313906631061835,0.018664700956336253,0.0002680812147719323,0.08083449613046458,0.05827576484531566,0.0007087715843015328,0.0012322818945439105,0.12189781131216958,0.002471966916945346,0.028912796632081426,0.13056894381435108,0.007653880443994023,0.14333682964881833
91,0.2882492435951363,0.0034714823047493544,0.006368064665206952,0.06501227979466866,0.0009419885918520167,0.01597360546857594,0.012313948507798747,0.0041104558153657236,0.00014233542002251728,0.15099463260996968,0.020879690998049694,0.015090281106181717,0.0017517118594134152,0.008742466625979507,0.0002035283876588655,0.10929786246879665,0.18202917809597535,0.05876673626280845,0.007925958843779283,0.047734548578011175
92,0.13888623066381933,0.029493476381160944,0.06422394627511409,0.07448390695955541,0.015621540743329021,0.009175768536511614,0.019149743593746504,0.04103806731379702,0.0061872008029985786,0.02722892190029075,0.044923857671025795,0.08026006538927093,0.002287308110885698,0.034302528644014806,0.005653798129137589,0.02612452810916812,0.03857838980216529,0.18106174517787946,0.003930042144358149,0.15738893365177095
93,0.0008980877087663368,0.00288913839136459,0.0018542419550488633,0.014245587239051411,0.5688404636768615,0.0017618678298261044,0.002971964718321503,0.010919380377869914,0.0030327539867419217,0.01015627361265121,0.22461450308358055,0.003054731569979312,0.0012488661700580728,0.0019836931048461746,0.002326447228006813,0.05371949274394194,0.0008076734367761294,0.0008392449292253953,0.0726980409591176,0.021137547277964824
94,0.05882740673287156,0.0020262978361159146,0.2082363495220369,0.15449686735309687,0.09079575288096356,0.020700093176388563,0.026842534893151013,0.0028169017245812133,0.002141503467475248,0.0027383776053645724,0.018335418613671925,0.13767116230948134,9.532060234590197e-05,0.1020976472128432,0.02161151595947246,0.06109481149581474,0.058589502966034504,0.000355165059196226,0.00400502091236712,0.026522349676727144
95,0.12513820518831278,0.048883295556857116,0.0011802602279138339,0.0910909884162925,0.002285837322669869,0.0670064573208407,0.00035242537110707434,0.16373113875439715,0.008753986998897026,0.17267153006679842,0.15038378979892644,0.00019601800532641645,0.028090612513120256,0.00047100301803677363,0.00018552976058707775,0.009849969951950928,0.02528225367708059,0.10077892012882066,0.00044071126462409135,0.0032270666574401347
96,0.0036745907016643774,0.003953197490737106,0.0016548636245648355,0.0009894262188533721,0.10639335097270643,0.04631152114408804,0.019717099881656264,0.0002771032129829098,0.000942331370063997,0.0003940169153349988,0.03938785770228728,0.08432175178365502,0.012265094087705073,0.001797886718759795,0.0018872639108136007,0.015598286360077793,0.0009740413961882283,0.0010880399775932673,0.5048941413590259,0.1534781351712417
97,0.022209598798044083,0.003213377073831464,0.19725794155297532,0.04429949187664458,0.015731470499203964,0.028896365791214608,0.0061562672806865755,0.0031512573809759697,0.029130820751623935,0.005354564729884438,0.11022082454859963,0.015982869297574906,0.000449991722546813,0.2235227437215568,0.005185568735798101,0.06393032371010021,0.08819415289453601,0.003925064407644768,0.0025891043091844645,0.1305982009173734
98,0.09374718539629336,0.0013275520334735135,0.05927432701584772,0.057090770046421345,0.0032974958814831158,0.04088948115947678,0.09949007315531845,0.0043266064529159836,0.002084802335879989,0.07828367342096104,0.004621254126189906,0.31419356105653123,0.0004120094350102006,0.11275124522186904,0.0002794234372533202,0.05548814882256691,0.05310474527224153,0.002175360107632171,0.004464097913746651,0.01269818770888768
99,0.01985136404468487,0.057972771904452186,0.006214805763420685,0.24774439954214023,0.06019897727510182,0.009049537283355476,0.12876506652338696,0.015035903419836745,0.028841721525896497,0.019475622918922502,0.0013574100227848346,0.03877863912589846,0.021471482545675914,0.007145480979903907,0.02689248570862887,0.04336274612445837,0.058768990124692236,6.199599352651284e-05,0.18238345262185257,0.026627146551380293
100,0.0005427154917960697,0.0012019694416952036,0.0014745235231143252,0.026778692196111255,0.09018541949036829,0.00045943752343667756,0.001077285141722028,0.14939423324880152,0.001130318536228884,0.10506323548681565,0.6005257235989062,0.0007453553095236716,0.0003871278170845598,0.002665374951911391,0.0008251860963282527,0.004082317827368231,0.0005257966423996495,0.006798170423403148,0.004658754590865597,0.0014783626621192921
101,0.11109179989670397,0.035100442708657205,0.08322212193974254,0.0371766777090348,0.0007378712009650137,0.015011094938347559,0.007859776011198546,0.4300813434754966,0.0005516818897400225,0.0023215188333959914,0.0015388909964657175,0.0031384934707954634,0.019260048995166222,0.000559360041787649,8.221426271209842e-05,0.0012925720942330715,0.0001786146451151067,0.24691821701611782,0.0032282588109261855,0.0006490010633982057
102,0.0017785097648477302,0.0006774155099091998,0.15926022544585447,0.07775955251874975,0.20546513291941287,0.003968412300274141,0.03513045998410387,0.03696689182874436,0.0018555524457181264,0.016495561545702662,0.00939244424523174,0.11315334528494222,0.022147008416438595,0.027060495137341985,0.03069103462559769,0.01904744682370137,0.08045351169079605,0.018151325063893987,0.0933409133315624,0.04720476111717672
103,0.07157784593667349,0.0009627666063176647,0.0275395103669897,0.3056982562747132,0.06749848956943508,0.00813422713858345,0.01978008879417807,0.01280564022807353,0.024675703558776598,0.02922653335989244,0.1617209665868871,0.0184075045193584,0.0007054922354205131,0.1563049304372844,0.0015780427153695654,0.061920984272635635,0.01215576847277144,0.0073582253955882014,0.0020250178703998135,0.009924005660651783
104,0.024818636485816135,0.0006662241639204814,0.0007119858186235462,0.000773880943916967,0.031323862750408146,0.0007858807358844975,0.011374417554717397,0.1963751382600644,0.004121345829944081,0.45020383921513685,0.14822612186255363,0.0018998426264770559,0.00015822269701656232,0.00048562473161109157,6.777819133591974e-05,0.0001114271628956959,0.07289621652101468,0.025266640681424646,0.0042003823584253605,0.02553253140881267
105,0.10061256067967331,0.00880355174304409,0.006812744881496545,0.0018898791791372256,0.027744572300436515,0.022558877897715178,0.19246472575572926,0.0037783053335354658,0.07034123212079915,0.11322584183720248,0.031919600754356556,0.13041220182470725,5.5493596104036336e-05,0.12156541445492125,0.08576959911667821,0.01574262400560227,0.01675393394085673,0.0006364855283463759,0.04398863847519243,0.0049237165744657925
106,0.04618078998723106,0.015895709677104873,0.06684400140351443,0.17001140856604077,0.0571332052277566,0.05385695568728835,0.00366613407729149,0.05974026451197965,0.025313643715221264,0.10923216422880624,0.09788775545333551,0.017507967449322405,0.0001757556892656513,0.021613696319332017,0.0032262003722216153,0.07990439730060643,0.06656052416453799,0.07023757793905384,0.03109855895677124,0.003913289273318879
107,0.006185086359912166,0.0010183766480163431,0.7200617481984681,0.02155830888189084,0.0005219629459172656,0.0016580826703286118,0.0027563128304888113,0.00576666452489691,0.0006255584864644867,0.010032026792696807,0.005366277097365625,0.02506688706800378,0.010257678301297127,0.0011011747554981119,0.00015604379512021785,0.01879483500107637,0.16335212898906074,0.0015707463198768585,0.0023463495462343366,0.001803750787386286
108,0.10656624968097,0.033806794122943754,0.00040457902275832297,0.007232583995380652,0.0024114051777878905,0.0004185678670760215,0.018831850515923152,0.35100990173248564,0.010094544825285063,0.04882499184985475,0.09801641921417141,0.008940649336627157,0.0028292750517625565,0.008812880591861277,0.009962826120421663,0.0812628292271459,0.1227579256253861,0.07540283657677073,0.005540282813154531,0.006872606652233629
109,0.0032356573874384393,0.010663988121812564,0.020636278253352475,0.1785619500830152,0.017133922370802357,0.007571885278176642,0.01656093884502381,0.04725809076511823,0.0017800100341938282,0.1367924479944913,0.10452837396204039,0.11397068336068572,0.011161425557991204,0.18049646409101341,0.01345838739941371,0.01909678510247176,0.015729326592380907,0.09047060709120995,0.00039724676593536556,0.010495530943432533
110,0.03991409112942339,0.0033561337158966387,0.030506204258760012,0.10982196101355045,0.06762195141375398,0.039222819299787035,0.13391268013355698,0.010036606472559835,0.03707597627619064,0.01931451835001495,0.041045422280744065,0.021249936699947087,9.744538243369373e-05,0.07173421955157476,0.06963766638696883,0.07705920275260066,0.05405473024955178,0.04294228855877205,0.10133343871390421,0.03006270736000916
111,0.017298869667679878,0.04848784618657603,0.004638329077060862,0.016479161203714603,0.0008772992480811429,0.002304914528024807,0.07561350068716009,0.1855640555092012,0.0006490676624653959,0.3308076781734147,0.030416130563758626,0.002418691592825001,0.0024854060977707194,0.05591872271959915,0.0013936964867490482,0.00032200170637231457,0.06058374603121937,0.16022550365617944,0.0025786204858557716,0.0009367587162919696
112,0.039841763237167586,0.0069290459726031,0.00099809962291634,0.003031056563017657,0.19903939820370753,0.010408204708639644,0.013242608285486205,0.011214376755465707,0.001444202746673246,0.0014855481391227712,0.40470156666155355,0.011064278546412863,0.0001221081694946254,0.07133957095218166,4.355314071461317e-05,0.025470178335695877,0.023089287849309793,0.062181297516789844,0.047906374527364085,0.06644748006568321
113,0.0778675737561521,0.00013268372248614993,0.043947217070513245,0.20555762908957262,0.01674150192671199,0.12793157421997547,0.06534068152059429,0.0002790267376528583,0.00121276360005901,0.01156329322518969,0.09473212816526634,0.00020479941371371967,2.1295921500932166e-05,0.010020280709450134,0.002025881349771869,0.12232083561015111,0.21447754298686844,0.0001037951877580576,0.0038707308671546495,0.0016487649194573714
114,0.10217814415414712,0.050372632116256866,0.05740192246645693,0.43183652718458,0.006838315177479,0.019745396536948973,0.020984664123128535,0.007348756448059894,0.01149470770360658,0.004795621701620082,0.04483399341977351,0.04564114481588228,8.450717125654422e-06,0.05215649938221751,0.013498043140372862,0.005239403981348448,0.009373064074288943,0.014683736520462398,0.0029499096521549664,0.09861906668408944
115,0.24895351301342702,0.00031084868509986146,0.001025149123480115,0.0001749419557013862,0.017997092494979775,0.0011272675850237948,0.014428177992504888,0.0037402899493681123,0.0003367746909438549,0.005401508269682838,0.5616574851347756,0.0003989019056073274,6.451026639602796e-05,8.641456402774956e-05,0.029489167240447835,0.05609672588282248,0.0067739317416458476,0.010441964609609257,0.004459342952988593,0.0370359919414676
116,0.032588129844633065,0.001729890288393252,0.0015340637899366701,0.0008066860734424558,0.032339426753323346,0.0017564610212782246,0.0010553250820800678,0.01707401887484921,0.0051409336609005525,0.627445774283745,0.0010123864471711975,0.0397507887167844,0.0004275597523654729,0.03735602258544245,0.001929585013763373,0.011239935176480588,0.12803874036001867,0.03933486891447273,0.0008443140854492804,0.018595089275469982
117,0.08903187587308997,0.006636408510573558,0.16670764398541987,0.18569192901231188,0.021384088876058534,0.1671631198321376,0.02348770023423124,0.006185686363434154,0.041504579369098835,0.044046526390360406,0.00978166666061722,0.00826287960566022,0.00010538659068872787,0.017482959691006494,0.0313136351636269,0.07714492824488939,0.03680948354759001,0.010125750447134428,0.007619785880929682,0.049513965721140835
118,0.05857377886267865,0.0031059350452043444,0.002504036588865417,0.03359613527792251,0.05047539739023357,0.008520872003833486,0.00031431354525514446,0.06376790905398558,0.00012665876982449932,0.0006908069026907356,0.018008672199369465,0.0012427322900764144,0.09514446288021479,0.28559496758963904,0.0007054281385665965,0.1874360718295868,0.03343798817142888,0.07212737411961716,0.007264174116544461,0.07736228522446262
119,0.3127739904689818,0.2762160519800253,0.007663787156972079,0.02992445664602879,0.0004649238963380304,0.0006157656101951395,0.05164378862556677,0.005113364367762839,0.007189203711651712,0.0028769165028727215,0.007436736359993599,0.005858465490236345,0.00032232710711636533,0.1322551878858507,0.04236119070806707,0.02555676044129474,0.0020671925229438686,0.021881651881136718,0.05315381698621954,0.01462442165074602
120,0.08527996397073376,0.020820281866762564,0.02116532380326068,0.06602177349864759,0.006345965099740092,0.03843084420623168,0.001585563638262289,0.011763754333399696,0.02365882867501357,0.2114029622211564,0.05248752274677607,0.0007685327331545911,0.0004884916451207094,0.09163380342527347,0.012813649143526576,0.00680456853813139,0.09962744476224832,0.2458900937228838,0.001149531426286817,0.0018611005433898434
121,0.018042854654126358,0.25666542470640946,0.002157329590854367,0.04532631039433258,0.0007905931809092381,0.013616883165052964,0.008557331542887842,0.022007830639824522,0.08987335734084469,0.003948564812296164,0.00042015720955603745,0.116510836179813,0.030314772838175574,0.04559499437553646,0.012519410696756937,0.20514334000853168,0.011444614085368215,0.11466853957456884,0.00017711437144733692,0.002219740632707821
122,0.0018510217067530107,0.0006096756754800412,0.0010527084787920788,0.000697167035107728,0.0021730958964500916,0.00382249574176768,0.0004812441245536778,0.001504849669092212,0.0004488275724119943,0.943090244251744,0.0023574125400937186,0.0005705059906408519,0.00013942281810379626,0.0008416536645037035,0.002153068584382242,0.00017546948169885733,0.029515612625623206,0.004135180463173982,0.003737872658747169,0.0006424710208799707
123,0.11338137284178207,0.006290708579041745,0.022299946442980268,0.10914065123157424,0.00356814718936254,0.04198820310317519,0.021404006314831813,0.007971408203644018,0.05211735251391978,0.03458166689717511,0.014172787886132,0.0049217689432847055,0.003254861914682,0.00021336373695629148,0.020302666323566743,0.18883862126557271,0.17055092780243256,0.004147174463954557,0.11013909320860209,0.07071527113732956
124,0.009024983570141133,0.014530757303022382,0.09965556595698144,0.2229435172950506,0.0025985986441478897,0.07584317355101046,0.013329165940850018,0.03574475971950615,0.00045339547342044314,0.017768806733472593,0.0016284616620206526,0.05546743920905788,0.0764861072631783,0.10483772813446876,0.030367506375771378,0.11897205263897759,0.05044337252884561,0.06624214530639778,0.0034567243054878403,0.00020573838819130404
125,0.01761888111213763,0.0015113299008613975,0.026782044965997977,0.0009585599109724123,0.003312387074448862,0.000365731642874887,0.027902163256194025,0.031281006623279796,0.02190576645489219,0.8467978437088685,0.0017194805011401459,0.0006477774002140207,0.00020111546832482464,0.0012751212423645654,0.00011320793136159102,0.0061115807177672,0.0035913647588721354,0.0008082294012946339,0.0031240573077159412,0.00397235062041736
