site,A,C,D,E,F,G,H,I,K,L,M,N,P,Q,R,S,T,V,W,Y
31,0.03603234914722147,0.014655404056674792,0.07748486121675581,0.09431881373781058,0.03577250126718326,0.055397859581950336,0.06904315686251146,0.029454359652143006,0.009872592038103728,0.026481955864876797,0.002786537831863175,0.026052950190291285,0.03456014261981321,0.01842973260548015,0.03799167709466836,0.044160053383895226,0.029832768928688542,0.05546356811491837,0.21602426806245775,0.08618444774269278
32,0.03225084673777436,0.16782196921331316,0.08314928052055662,0.05468882445509397,0.0009992488308747385,0.05979241397419637,0.12738620158456462,0.0045683982241500375,0.10991612605447207,0.02383968481123838,0.005631670890292413,0.02820720383653319,0.028554304190016196,0.11660831831782588,0.06093137156333892,0.027042686820420783,0.04092659039814641,0.026419347515503296,0.00041890314805231264,0.0008466089136364136
33,0.06625968976764386,0.04933268251484557,0.05332213698232476,0.07962253924170551,0.02425935671217438,0.037489368197537044,0.01796451131090481,0.03529634418460376,0.06044656016979038,0.06105231176877892,0.028067802099584864,0.0657337664001958,0.04339624700254778,0.0407366192716977,0.057496577528606235,0.03431706314910454,0.07852957959419575,0.05623137629625151,0.016074540465315985,0.0943709273421908
34,0.14213839239397902,0.00039503775579358125,0.0001427284961517813,0.003689904077717438,0.06735258138089176,0.11421616065712194,0.008576192794453562,0.011421096286511272,0.04927721826009828,0.09198563893751086,0.032927502543052704,0.09966952344660317,0.036516902530762035,0.027003752243018105,0.018316225731231456,0.031474492802866696,0.05637724658064914,0.02186398527773067,0.0695182999903679,0.11713711781348864
35,0.0004204621841980063,0.010453811219379168,0.002354055354677976,0.0004873998128862184,0.19660871759013634,0.0009203992304408901,0.007378996881249005,0.0002482936251087215,0.0033062972844579122,0.0024236963740266863,0.004999854630625095,0.08416461978776993,0.0009287043327764773,0.001348563445113196,0.0017647848802137868,0.0015322611378408956,0.0005300407581783076,0.00032290876492849696,0.423337931170633,0.2564682015353599
36,0.12025477358465282,0.006682846607132359,0.00013671135105529348,0.003256429639112515,0.012225580932662041,0.0017079911305957413,0.00755608326441518,0.057554134630275464,0.0003009231931949862,0.0036373685852940044,0.000993231377389891,0.006681882746100387,0.0007857472027923489,0.0001994021913783624,0.00016907475857825762,0.004077988789133727,0.29162958506497777,0.4711462534913852,0.0007769886426902306,0.01022700281718345
37,0.10128522196571779,0.010870973104867957,0.019032704766538996,0.0005538030119884486,0.001595391362626306,0.08552036061606905,0.00016499281157157495,0.009368270501210002,0.0010720409044459903,0.0021828733803637805,0.02899565067953734,0.005443670622388891,0.0015162396961238829,0.0017129826607221138,0.00031263983475522737,0.10879980286851482,0.5566105295518248,0.013338061240540468,0.04986425144938201,0.00175953897081029
38,0.008428176276683066,0.002498134391153409,0.014666468918771611,0.00447296543298049,0.0014739085024230588,0.0005128478425102108,0.004339571311886102,0.03602829913455603,0.002768724768654745,0.03804029902915082,0.06380062104122847,0.0002100877221717518,0.0002932996939214137,0.0011417377162449113,0.015305697870963971,0.0022382082484287626,0.001523018593876502,0.732582190197268,0.06916460561931624,0.000511137687810356
39,0.0006526574740253597,0.005363940718257274,0.0009828500044850744,0.0025855545050171443,0.2897494637324913,4.2834953423442684e-05,0.03901265803348193,0.021768978502046357,0.0001056512574778184,0.05092067458190299,0.09654495029568252,0.027816648576671064,0.0005713045408766125,0.0007180854097843931,1.9028862045407162e-05,3.299792936855699e-05,0.00020936753874107854,0.006563169434815617,0.07339247452732983,0.38294670912207607
40,0.021829398118574646,0.005551288988129662,0.0014109028002557795,0.017497480012476887,0.2410810641221312,0.00014084719219727317,0.0068212518439978356,0.016772477546538357,0.0009206263865517237,0.001055229723592938,0.02944318937518647,0.01814621648478282,0.000163669141453174,0.0006277826897782128,7.261407905072074e-05,0.0012668232018290617,0.0016823264712785668,0.039709036444979535,0.10148833841636305,0.494319436960852
41,0.0818309610054984,0.0015640107475464132,0.0011335395944567083,0.003584727472377192,0.0029011800306805195,0.7860495194968222,0.002136484892839095,0.0014839683434800836,0.000494539479497744,0.012039195433869004,0.005935846977143733,0.00397251371346098,0.01504555521534585,0.009443209463597503,0.04304699481637815,0.0004385708938613854,0.000745916837752409,0.00703762346841981,0.020741051419017,0.00037459069795575206
42,0.006311476084289799,0.09599990384005248,0.0018857346715971273,0.0028369311869666913,0.04523155092443487,0.0023932404122484784,0.0004133049074061709,0.3415288186929906,0.0015082533167762268,0.0011381829266782757,0.0028308103159010475,0.0008066824950840613,0.0010889083279070329,0.00034285735008865936,0.00039792921539046083,0.0003428880365450118,0.03857350264543108,0.44320415702667754,0.008923575587194522,0.004241292036339867
43,0.0011995010323653322,0.001500223138201118,0.0005632460033808823,0.0006635750145814635,0.01603941101854016,0.00031190057935500895,0.005582197717921772,0.0008346172184981042,0.00019550800116383658,0.0016422074671525295,0.0011912450521959243,0.00020608327219255167,0.9200093616542128,0.004174051066252156,0.0004436231951875452,0.035019036895329266,0.0010937982485323986,0.006071288222030867,0.0014430228376155056,0.0018161023652905504
44,0.011595374319458033,0.01672873892859956,8.241708814672704e-05,0.019710017111466995,0.005907870401591835,0.0037486150403762044,0.00023158849866848982,0.3124325915807276,0.2669874848921884,0.04579395276371575,0.010867395101165364,0.037658304608123465,3.091555967703397e-05,0.01242261597941012,0.003821400994707256,0.0659075883713022,0.00900206484860374,0.17536376024630682,0.00033580642720226924,0.0013714972385622656
45,0.001668754444607648,0.0025198883115932756,0.0009263547628445519,0.001784477613617514,0.40007615930641105,0.00020236443615073946,0.001311633522764706,0.0002886262013443226,0.002198849880087048,0.0026063536036876685,0.00037244618030849634,0.0017691709028962407,0.007900729500472601,0.00013432350106472326,0.00114624389319823,0.000170313370211452,5.127024895003628e-05,0.00022351404896649052,0.34683314300799245,0.2278153832628309
46,0.10591251202653455,0.08943568560015204,0.014017443603525671,0.06952447997865542,0.012514668261077487,0.14422422235120597,0.07839691540874434,0.018690285715955147,0.05347389958919161,0.005338501909499816,0.02418837103796306,0.052724053358903726,2.8588897872204275e-05,0.15086873403916318,0.023466642770004906,0.0736765692437533,0.0725525968905489,0.010003164451712761,0.000487350293779782,0.0004753145717559747
47,0.05893330180771256,0.000369244777427884,0.13173239601618236,0.12236343296394309,0.006290860057638873,0.08223207886288825,0.0024837726173731374,0.005202924241564158,0.011989473040108197,0.008007332502776441,0.043396985218994176,0.029749898252588062,0.12026615814426514,0.06412606004020155,0.021652811178821806,0.05083696782968573,0.04218216292455324,0.0014510441806089222,0.1701569777975932,0.026576117545073146
48,0.19748121004593097,0.03691164530967648,0.02710387821153637,0.011301175471541884,0.036377770768645026,0.11853906561668412,0.026896703246164545,0.04464403339717226,0.016172127303083053,0.005438780661084348,0.00861367202285501,0.0013200734084225171,0.0019365918048398088,0.006280272155691697,0.0027244671171508133,0.20043502385011722,0.10437951212596236,0.020437301306611567,0.08496867161167479,0.0480380245651551
49,0.07750267187737855,0.06680411507867547,0.05792475117979579,0.03409391949561716,0.0958151469751465,0.00834022003463007,0.033316192209843803,0.08404154792013423,0.03407676331275855,0.05886678796268809,0.05393467923796187,0.007440654383225098,0.023865429604311938,0.02306440270504217,0.02476833128291527,0.05467709043082748,0.03857608060207731,0.08153379844650341,0.03941205079327752,0.10194536646718964
50,0.06078859248013687,0.15603805396589934,0.0019088048159815563,0.08701430726001251,0.013797814415645128,0.02408599477592171,0.008315398164692444,0.00399171865641764,0.0007593798175075996,0.009395596652424959,0.1089522458809761,0.024640009903834616,0.09048942582898183,0.0019439102280834754,0.0011337711758888996,0.08158979445849997,0.15969871357475587,0.15400989212207497,0.008896512580363765,0.0025500632419006583
51,0.07030115194641201,0.10928838640365456,0.0035732174946596184,0.0033665867432497304,0.16298734515191116,0.019146411022034,0.010871715339323396,0.02900537631763267,0.03701237347345885,0.04904503394325177,0.09217167067079339,0.0021351132358137454,0.06241238096475871,0.007221216445530719,0.02109058763154087,0.07786050940269759,0.10733671410742611,0.0471086100180607,0.029311660262036382,0.0587539394257538
52,0.0010159529477744658,0.13537034513023535,0.0005025574421054807,0.0009815225557024995,0.0874464015094269,0.00014313927131597102,0.0002542752816305003,0.01831049136129165,0.0091246566290359,0.42617836523813657,0.24538691620410444,0.004905577768116826,0.0099679954289787,0.003141659247634333,0.00030981525076280355,0.0009449191342123529,0.01648494424771147,0.01868082809678412,0.0029777485598830003,0.017871888695156872
53,0.051537298289447225,0.014111898702602587,0.0005771948229493806,0.0018556933812195477,0.13548389831748153,0.00984894389058735,0.06427663273606934,0.03363375249320629,0.0010521039894770031,0.22306819532791766,0.25127843564334107,0.000790776656862938,0.006428003672860505,0.005858873412705358,0.0001866989836697742,0.0036040970165419203,0.001845076856717744,0.11206267463745871,0.031021994754437347,0.05147775641444679
54,0.005759371903373677,0.8676787766215017,0.009892533299489366,0.0008805493140218038,0.013916108313222013,0.004436890177556412,0.0006706030275776086,0.008129130169630773,0.0068989558659039345,0.009104238913955396,0.0021987509380033046,0.00041781815297468525,0.0026215123652160704,0.0007621002809652835,0.02550389501774461,0.000928364339662682,0.03453625090042295,0.0007991834177388694,0.00206831218181463,0.0027966547992241135
55,0.16308607135730882,0.018884686184470204,0.0005510484234231419,0.004262175819663269,0.006930080460582847,0.04414797571909823,0.06255162819063179,0.37887670725733963,0.0010920937328837053,0.0015248988335179465,0.05209085462914317,0.003006372578633346,0.002145048098341513,0.004966915791960398,4.905279901955712e-05,0.017943418027034964,0.045283491113314894,0.18430753549016338,0.006028376269651942,0.0022715692238172904
56,0.00874214783090765,0.09713698765524811,0.0008238109606597784,0.0055550392121988265,0.0003704843174160163,0.020896529315604796,0.29785867237250463,0.024678051282176035,0.0009526575926052543,0.012139148030173786,0.0187083855718903,0.037249694143016675,0.00028535504479166126,0.02176364184965674,0.0027514685666743597,0.09927537028179383,0.16571485675825112,0.08813040973059282,0.09065551843580409,0.006311771048033392
57,0.04531627974706361,0.026589061744660514,0.019793551416884186,0.03577303171325072,0.03425429466715441,0.07757708120667262,0.027303113577254047,0.026553012020700914,0.03649181593784808,0.02173360859032306,0.004960882464456324,0.20522285503513404,0.0032443126415886833,0.031898716218558006,0.06035727107760367,0.028799656031647955,0.02926820536644154,0.041150753904471295,0.20390286525213264,0.039809631386153614
58,0.010523086249919886,0.0010043715196105894,0.0010674063102658737,0.0031545787480142585,0.01059508293983537,0.01491493553311622,0.0010669793532977413,0.11743503744428153,0.0010498788554354618,0.005612690851278338,0.1855058202934032,0.0121874138865632,0.017368488059783718,0.2778948393413986,0.038415954835550194,0.02813174967695466,0.029019853037570147,0.07789086289582464,0.12496613017185773,0.04219483999603862
59,0.058474225549303115,0.08061924192880073,0.04256458037084699,0.036460614926535774,0.02799224276961138,0.026196309446147235,0.02725504839517274,0.06298264235252383,0.008968461532052413,0.008605191108151115,0.1620207766074295,0.009316350274297341,0.018658859746796347,0.04721944944922955,0.04018777800914818,0.11095885080698345,0.06075092725883333,0.046453684698146674,0.043232195515729696,0.08108256925426074
60,0.029205839738096654,0.0020426477477996363,0.0006360938159152056,0.003931080606827708,0.10768529817835737,0.047276292292455765,0.09734802208083383,0.060913856587246865,0.0004250701700225992,0.05089243092417429,0.05433924044000914,0.21268836903229738,0.04840923611980298,0.11699480490682371,0.0010983007924120758,0.055820138374480535,0.0003358916222586776,0.03894326114866136,0.005685909081880671,0.06532821633964349
61,0.067388740215932,0.0046942043368899625,0.02466520496545696,0.0006186613345749447,0.00400794421195119,0.014151247389405803,0.18292664364647124,0.04071039217778699,0.0003177589541734618,0.0754873875599278,0.2082388599106416,0.0022253639704709113,0.06946149229004822,0.12976943068158223,0.0012367659685308923,0.05828697775412494,0.057684193558612304,0.016145058753528216,0.022095973549290455,0.019887698770600048
62,0.03429217119203154,0.02041135606422341,0.02343696685173517,0.02095644427352355,0.06122399794961605,0.04751077680300331,0.09501454893779214,0.010464499146115138,0.21807224221315535,0.027494390230546947,0.09471069460887889,0.058592330927172025,0.051932111593499884,0.0739450690106663,0.04641006782837806,0.020002703402891134,0.05853022343193452,0.005172006800013788,0.0011145700778997746,0.030712828656923055
63,0.14415249721520607,0.008002377219975678,0.09723332077688306,0.01784808320079013,0.024002847164699036,0.03889398363877391,0.04937606187665011,0.03885743448358762,0.12400074472874258,0.007209576133528242,0.13851845738217905,0.047356588537109785,0.04989204760226818,0.021673932359586194,0.04380829634059419,0.04507403806314163,0.042308075239552774,0.020278725401476936,0.01381091806785518,0.027701994567399635
64,0.0034177362566773805,0.009843196671464823,0.10016826200695723,0.12470188737775459,0.0003049495256276244,0.2282038464276758,0.0035922538767841784,0.0006168742528804312,0.0012381756026415309,0.00015800968830822416,0.0006789310147305528,0.41747537113810873,0.002695782387476525,0.01230534857356481,3.284870917943889e-05,0.07318909592250887,0.0017378404553693365,0.003390853798032676,0.01025889042612982,0.005989845888127529
65,0.007869814066775182,0.06479025398546256,0.15588318147323071,0.07089492674077814,0.11459403705253535,0.023105812729816537,0.055527629327366324,0.027470365178781958,0.04233211169837741,0.014941554389516309,0.046358663993347156,0.09298560110184045,0.004750421561113245,0.0336493680415196,0.09432793085422195,0.010245527648336306,0.03845058903101262,0.01701773818758726,0.02820448908186072,0.056599983856520146
66,0.11841142007106993,0.00021588758329595836,0.00017033119739552128,0.011269920523626858,0.07573920107438713,0.026258267200449277,0.03368813293823474,0.043808488526909106,0.000999360382372266,0.006965034882922201,0.05616554309583362,0.24088581508712908,0.0003441545492376184,0.08239406383501813,0.0017694644145697675,0.04770902235355174,0.045736219971722995,0.15386705378835291,0.021105736410969706,0.0324968821129515
67,0.008750300079278307,0.010426907069896242,0.2292318281593944,0.004261712915069439,0.23791892242470772,0.002131706867172363,0.04791987197377037,0.002815818043116884,0.00404752629992473,0.014719692622267444,0.0007342309735488594,0.06925388618720543,0.00017913985000800193,0.02568131315920236,0.015703632883020492,0.04391145515022531,0.19295193541304903,0.014880389840330306,0.0010208323007901573,0.07345889778802199
68,0.019779288914674148,0.016877953244062934,0.004085916820459852,0.008958943603421718,0.16340051265532254,0.037300666510416434,0.016739448224473086,0.21873579154611256,0.00021333990584524942,0.018099929802431716,0.05273233012280018,0.01277891483505491,4.9476852622072004e-05,0.0020731272516243847,0.03625511414681855,0.01761495910029639,0.008067018518655562,0.1468387068527179,0.19400539331722536,0.025393167774964514
69,0.12107652144057456,0.027147641165057055,0.0010146208009390995,0.0020627516835140863,0.05953183536212559,0.00012251907237557,0.013298361855566107,0.23438793818986034,0.00659479752951533,0.0027812230690623177,0.05268474565048837,0.008400349104136508,0.0008506298319370813,0.2575525053901844,0.018405075440710784,0.001052505930384166,6.580621187817353e-05,0.029104291613941628,0.15888098706348686,0.004984893594261957
70,0.04230982983668655,0.2354926140600416,0.0006888334569564636,0.09196522559453915,0.022347138778752832,0.027576076941687264,0.09137686535332146,0.03593038103437575,0.03270153234076675,0.011823104140180342,0.1348783727311075,0.008678903123644992,0.002068331706964247,0.04649537926531124,0.0019576271825172474,0.030302654418485623,0.01281166459814997,0.01270055183429376,0.14624969496417178,0.01164521863804553
71,0.020164477526082393,0.006368133698966793,0.006198557085010701,0.15291382618851412,0.0037300616659226415,0.23165340304937354,0.06268402427782617,0.0940808453537051,0.016066302093258808,0.0018200037048718757,0.10361749253069348,0.01622033924772348,0.010124226858005063,0.01110363910180243,0.013551964324286344,0.021547094818535437,0.08231302539651203,0.05971851861151048,0.051588914856512874,0.034535149610886474
72,0.02176276454740503,0.005432896419930171,0.010553042025882323,0.005214417954283705,0.022975893731777764,0.029446223330394494,0.055717603510542016,0.055871199360506524,0.3340718646228649,0.0021912425783948953,0.01210343199521306,0.04171528831223257,0.03512974347786861,0.040560808194266766,0.05332777028994158,0.031838756274633916,0.021220165609227962,0.04816744476316604,0.13614498439417125,0.036554458607296364
73,0.08078764110929004,0.038697362004311064,0.003856016810610526,0.030329331403040945,0.04422681323134393,0.2045551761598879,0.03710360511894819,0.045176819401979554,0.0486221809386138,0.0701236943245358,0.04605945410466735,0.04789563336693686,0.0063921113880238715,0.03932897348879992,0.027404037120654187,0.03406581852070976,0.004783304142643173,0.07480340158889233,0.06590531348412638,0.049883312291984276
74,0.04502596377736698,0.8077307536651072,0.003339220520428456,0.0033347910118679378,0.016931355942379503,0.012208629110270453,0.0017058278519771447,0.0013277978690056879,0.003131917385387634,0.002626818457158667,0.008438686587534274,0.024327881515463747,0.0006075069463262535,0.0031487054562947072,0.002193801904823563,0.004078181105329969,0.019667418660405993,0.0018578731470560873,0.015679151207757872,0.022637717878057857
75,0.24390100209674279,0.02376159211984212,0.017645356655513783,0.08008736894983144,0.012052742776413012,0.027925566683516912,0.0047494422393511235,0.05774566077275722,0.005059000692041129,0.01634761487878357,0.018999880370643707,0.008803218437659974,0.23396954691122562,0.03169868182214854,0.004410698133851643,0.02750867834268508,0.04688660495600764,0.06082800270504915,0.041193401993030024,0.036425938462905504
76,0.09330975710856768,0.002189234350814307,0.008119643018833137,0.0006639927878148811,0.16590258737618993,0.1121434143420345,0.003966567813992249,0.00047816344294150887,0.0016865233680855905,0.13252840676177688,0.14304776343545966,0.00025801018770366585,0.11770554478036235,0.0035135491143362036,0.00016613250210038215,0.008887318907765559,0.006499624029313601,0.0669872955488653,0.001759607392449271,0.13018686373059335
77,0.06915303603719654,0.021963045561664358,0.01035982394964018,0.016642512194930983,0.17857647082404285,0.03487287141512769,0.0637447894197484,0.07749889342442014,0.009363472455426083,0.025524687453285535,0.07266742787396067,0.055481442750773574,0.0038205289549494634,0.04271284336512834,0.01057823248894986,0.01500192960004801,0.03645953897281326,0.1433396940092865,0.004596190479958925,0.10764256876864874
78,0.023455857852425897,0.005050372519245801,0.03988593835066578,0.04661973246691377,0.054355663798651616,0.04102815081875855,0.05673887268882225,0.0790616811463147,0.00024851330517018297,0.05730510769769329,0.04097841868226963,0.04325362774423301,0.0100291726436622,0.04748421341415511,0.03688895595922473,0.028254436129472302,0.006576302486880781,0.2064895467905887,0.10083344510745573,0.07546199039739598
79,0.07431981853892654,0.027434197590516015,0.026324225291756754,0.02704728873240072,0.11526629297546746,0.12261827812783885,0.04790088585652604,0.009173849431334867,0.00830380912961479,0.039485111248286575,0.04642820762568406,0.02184178997946607,0.030674216695748987,0.10318050907703136,0.002394961322493047,0.04260872027925636,0.1465903126653406,0.042441575347492225,0.05800815771493355,0.007957792369885036
80,0.0615877272482863,0.007038734129258561,0.02228732769154334,0.0330441274181372,0.1634340478117466,0.03853468811004126,0.04860354302623092,0.022770492261932358,0.02093173865797896,0.05157831861717724,0.10241511601580676,0.03185852247783842,0.00028968322508929594,0.02562999550856101,0.018710246641040887,0.012318351566313938,0.03031136754588254,0.0728896093066452,0.18885335759926913,0.04691300514122013
81,0.021119572540771573,0.010687909471544691,0.0833720100213238,0.023210487187055262,0.20286344027268996,0.02913938065850302,0.006681774443290989,0.020986806634878022,0.024783144586239807,0.016640284666407712,0.25906040698699073,0.008433559400677708,0.022142276312336055,0.060691692705723825,0.01784511039953987,0.024228535064176708,0.0800485771022935,0.02146406803181916,0.04400599260470801,0.022594970909029538
82,0.03620408635193806,0.08127166405829178,0.059484059148666266,0.011639082251815681,0.1834322909135651,0.015046063266042098,0.033383143949523436,0.11373611436200477,0.012553353643281367,0.0694461458757428,0.0150786007774711,0.03688028818492741,0.004413807646204916,0.05472169834214457,0.04216503970598552,0.09665531149088691,0.016208190940022984,0.025932070965528922,0.016393906455495388,0.07535508167046097
83,0.14737715351265257,0.0013754203440130086,0.03847913861190863,0.28868756329974293,0.010901645087985126,0.1016311640221354,0.008556195496399561,0.028736947718629682,0.002175521357486283,0.002957875197997006,0.02837162743747202,0.012852474986656594,0.035006329612174224,0.14425270349184632,0.01031257371535204,0.053359822540811154,0.058983695855613874,0.021086939315133373,0.003269527612627843,0.0016256807833624997
84,0.18125928606300956,0.05004259682782025,0.01972174936152105,0.03549101434464106,0.030327588250494166,0.06878751064258028,0.023914860818750782,0.06530450053387625,0.010573606975626563,0.01758647594961128,0.05166312497523542,0.011024172647815383,0.0055772635048302235,0.2223826141954515,0.016273549392233386,0.04375501594516384,0.06602198899509074,0.04425741035020281,0.023235852857602345,0.012799817368443094
85,0.010760855928491367,0.0902806767673582,0.04384603013994091,0.020471038634555412,0.17742915234622383,0.16480641610631266,0.02784964936252879,0.033053774727463396,0.010810374938180232,0.03875561304261261,0.10321865728821039,0.0029043090131967136,0.07414489372415929,0.10860740263562864,0.023115707923089066,0.003768915807484562,0.001328627453004713,0.016481067779557487,0.03869266811862046,0.00967416826338127
86,0.08069112069697244,0.048103819522551355,0.0029966669544807642,0.0062854855375845484,0.01297864490122237,0.00018542589312785644,0.009665821993142115,0.28243269789696057,0.0021105999597596918,0.28808131319563773,0.026495689368801034,0.0064157858913962765,0.0005676280685041309,0.03694207777046058,0.00025341477246644897,0.00016936593755644526,0.009648282881199845,0.1742992508774112,0.006158733227380169,0.0055181746533845685
87,0.038119728188716936,0.004641872641576644,0.05079861845646597,0.04778931159379843,0.06318659671990347,0.001813836899265316,0.015916964708138793,0.03944785665535496,0.03799670046584819,0.031811430641973885,0.17329483082096153,0.00880313882649646,0.1544936756726049,0.062111924783470586,0.04504376649860985,0.048440674777667274,0.01699602575157457,0.07144692246715949,0.007104765319328847,0.08074135811108402
88,0.15134425189534723,0.025700547659660268,0.20127165815132017,0.026374748109206824,0.1256660421639747,0.0900552410968092,0.0371164391030628,0.004483821120139111,0.03321270459115663,0.01862127427404533,0.006526286451580791,0.0369452546324906,0.003981129904084604,0.05309699887620964,0.07261320717854892,0.017510915010234676,0.05409180626111092,0.003406174068941918,0.012097492030943485,0.025884007421132227
89,0.06219180385043325,0.006898854588524444,0.0009454877001646707,0.02383693909832402,0.009368700188360009,0.002591741466812939,0.0758697710959841,0.49124430832812327,0.00017722186211266089,0.037228592433957174,0.0047269856915693005,0.0012358547950831486,0.00048371311505400943,0.04996114662133021,0.007669323144945124,0.00315821282495278,0.015446184133880537,0.18408135768439765,0.011515933246628463,0.011367868129362189
90,0.02993451819116679,0.0029456514721354797,0.0004674211606421359,0.027754855627575372,0.011465435077144386,0.015152652344881824,0.16289027639786222,0.1273266074856795,0.003778268936303205,0.030749651707944956,0.012999755424426784,0.08089503487680975,0.0007396778754330555,0.0022900204769241432,0.158619466611229,0.04233736044183128,0.018493993507019437,0.045198418600391206,0.01209320337631224,0.21386773040828738
91,0.09231822912855693,0.1243921522728522,0.047125458466274465,0.048180861079441695,0.0003865868171650168,0.007250335480992286,0.008108956509318074,0.0266823216360399,0.0023346920985105302,0.018985676404882475,0.029693169029469516,0.025430070304682206,0.0005979587660511062,0.09834478012010885,8.72486841204584e-05,0.02357109317319143,0.12698337526271603,0.11000906840763795,0.16021946460679712,0.04929850175119188
92,0.03776282484610883,0.0005496058262557149,0.003378429843052248,0.017891754850809304,0.014721534415482863,0.012919279502767342,0.14977844853258354,0.09105496174854202,0.039907315022234824,0.024723097324823556,0.02048416558773164,0.04032220143678451,0.060099380104756635,0.0026504813068149607,0.00295695324045255,0.01177604338584874,0.04267845741798395,0.055203996307285286,0.08715125018397742,0.28398981911570403
93,0.0006768145141494221,0.002706809273604911,0.002921984835042268,0.005609636091944399,0.6880837654717759,0.005489196041349982,0.0007414323178549358,0.1425157206199088,0.006836524441871391,0.020207999585664136,0.007051984810313682,0.0034808427403772166,0.020866686525197995,0.00197780285437064,0.01960647112746673,0.025353818492295243,0.0026137140447153686,0.01886067841080627,0.0065580731443459295,0.01784004465694511
94,0.025522950094213567,0.19226529670559447,0.06604973003187795,0.015002923476206926,0.12613653762261268,0.047323383959557534,0.05909090706489023,0.00023468162061040759,0.0010165151799096884,0.01766995428873162,0.05457559600302528,0.1336032676719426,0.0002523375563298452,0.01467441993266681,0.009288040536936944,0.13979647135337991,0.013718206975396887,0.0020634307951019337,0.02161102426770495,0.06010432486330967
95,0.14090895616057195,0.1557117282735452,0.0003771574642935602,0.08238419481979037,0.0023838488537993615,0.09650659303522449,6.747264271723298e-05,0.019220107309445993,0.006273240569683465,0.09267104307762962,0.10899803199469932,0.00018163882989829985,0.005882803740682222,0.0007143852105179765,0.0010234901383479776,0.054858649100385334,0.1268132519388928,0.1028994061961349,0.00044776966469346,0.0016762309790464222
96,0.0371919903666335,0.0033153475156434895,0.010171780711843301,0.0008875246696218966,0.2979030116741132,0.024937442821481012,0.06203989390652994,0.0008061687298651833,0.0019147877053508498,0.000794071887684605,0.019923590253017792,0.0038363015675303433,0.0002565992167755659,0.0026492551299187044,0.0012791287893239378,0.0042257724404500254,0.00029768099232722347,0.007564976028831348,0.2732204518760973,0.24678422371696085
97,0.03768846112067688,0.005769471493266825,0.17216502321437446,0.009502045798322355,0.009978272664342031,0.04485963630063982,0.07138566779077592,0.05110517104341912,0.07379838136839259,0.011820330589282693,0.044152766001565175,0.05621577377241769,0.000282995181269648,0.0599733369016673,0.061060631265355665,0.09172609664192669,0.04182641848950874,0.10269935647040201,0.0017867461352676652,0.05220341775712675
98,0.024125150694653215,0.005789159420624394,0.04876533321218119,0.2579438571322708,0.006383758422494534,0.00890707028198157,0.21802609135268752,0.0033495124822057244,0.000747790965753008,0.062327372484139096,0.005475425976507458,0.230874418211703,0.0027572528076409437,0.020824588163128845,6.267531583240239e-05,0.0670789798950713,0.0008105874201832124,0.029020569988619186,0.005337540626293062,0.0013928651460298263
99,0.04125494542193519,0.004427536686055134,0.07023716060938015,0.02897088928022622,0.035772880023250235,0.040963058933698324,0.1134942735926488,0.011866055546326013,0.09111578378177801,0.013978723349186057,0.13583087883044062,0.05232382584235974,0.09849290964454803,0.03565782550178788,0.0776020839850424,0.03381075756321912,0.01666339238727257,0.016974813225242316,0.05748572384681836,0.02307648194878512
100,0.014351159420979809,0.0007456814933971015,0.007289228468913692,0.0005355629980333385,0.053132549917989436,0.00034436430660052985,0.0013333183350954147,0.23528083152381313,0.0014323731748425168,0.13975732312064756,0.40637527580397986,0.016604966739771323,0.0034756770980498993,0.0015770888716204663,0.0009391355946384886,0.0007876127709060167,0.003643664091969433,0.1076093099444953,0.003977909497773804,0.0008069668264828571
101,0.24821046453242107,0.002589515828780111,0.012817304457456382,0.0048198181944542565,0.01109685037288812,0.005413775167257245,0.0004036752373425276,0.11759303142449944,0.0003638514912621657,0.04007906193961861,0.051999057289182415,0.030405147796068507,0.015506690562874062,0.00474718938014704,0.0014372381497858566,0.0005826136459920219,0.2312301719616529,0.21212847881762026,0.008175324095568464,0.00040073965512846943
102,0.12007926010202438,0.01613192581545347,0.07165600176408667,0.07321910373996063,0.034051250098173315,0.06865089993241992,0.05695162678914389,0.014809383131632152,0.018249316830157597,0.025256280164473427,0.1019986752060449,0.1233577160296338,0.009865582414189965,0.0751059920635074,0.015286547815420713,0.03621795091886238,0.02617730950974416,0.007959596178635585,0.09405934122421865,0.01091624027221694
103,0.0057510980297673575,0.004587615878670696,0.1199202270000612,0.10151474700173957,0.0016579339972384894,0.08332523612800144,0.04639291872513462,0.01589093707395639,0.03719229610661837,0.0005687608893855393,0.04624517951173096,0.0288609072196431,0.0008955318678336277,0.15121422702767048,0.016343047128127855,0.1465469105870342,0.10714369696476889,0.02134506619035135,0.05533613966014098,0.009267523012124758
104,0.09281688288705682,0.003509477091927374,0.0019609893821713642,0.0022716353473021993,0.05592367689534308,0.0001621258672534517,0.01063423746310222,0.11703964333705531,0.0004109871531272709,0.33841053396034176,0.21599196444009228,0.00014726551568652917,0.00021020789256877365,0.017573338772760603,0.0001171983860300801,0.0005410085497847816,0.010494576793840384,0.09992437432258569,0.002522045256009013,0.02933783068596118
105,0.044573356483123404,0.008006605548477205,0.008930380540140422,0.010892719609840094,0.007541175474978883,0.01751076253363216,0.19437926057989902,0.007760894421773241,0.02714743944571366,0.009519702166795794,0.06149152982379557,0.29092723315847446,0.0010337098069785368,0.015191542578814589,0.04248152364242521,0.10375779766299974,0.02506831133070809,0.0018715990670703042,0.10566649478992657,0.01624796133443317
106,0.07392755221741543,0.00844348773742072,0.03697862454138637,0.10779722353044101,0.07675118027811699,0.022844471584857938,0.017080728814256,0.013988491987755517,0.022258186356875483,0.06730563572813802,0.005049146808711286,0.1020682690910609,4.800707567573644e-06,0.046307938486997643,0.023480135657531556,0.05151705168893759,0.05493921449587224,0.08836813977282423,0.119667787888025,0.06122193262580847
107,0.015794344844755108,0.007401862287113595,0.5076313487406104,0.14715450165055477,0.0024582370866905656,0.0023558891039534386,0.018235857720276808,7.673644787445522e-05,0.0015341373346201028,0.0060365306586937,0.0024436086485122473,0.012207919168194806,0.00042619694517545434,0.030419192827888256,0.005292602311503169,0.10316843178318925,0.10550240929256542,0.016474637673288165,0.009106439864218649,0.006279115610321473
108,0.17803712564369573,0.022584737174831827,0.0032347172232008543,8.695417885751026e-05,0.19633494738572085,3.66875187233028e-05,0.05129880645481647,0.1664133198593957,0.0018469929428032192,0.004157215338708622,0.054237019922194686,0.029491002866330156,0.0005660497948014554,0.0259996024279492,0.006585776005626415,0.032989897487317676,0.0057327246735998545,0.18228478260157963,0.03364418217794313,0.004437458321903721
109,0.002099215720884493,0.012300127816379399,0.11261589099724614,0.012611892398606502,0.002418491874057362,0.012647774370133,0.051400004323571884,0.04499463435099366,0.03788389810212764,0.2402505012913498,0.049705611778331035,0.02085024781710603,0.0009807574871477504,0.28231572061079446,0.01100797192158506,0.009676368707380612,0.009264755060153836,0.05904250633927143,0.01581154841346474,0.01212208061941513
110,0.04279138969800564,0.03655861204799901,0.027207770972951295,0.027319120749554737,0.15652382072624788,0.03081079424019508,0.04759153144859251,0.0026308159460028627,0.038973482476004025,0.010097491605071843,0.014664028305675262,0.3305605578978179,0.001062921079768971,0.030640400660757103,0.018942588205646413,0.04973179811418507,0.06964022007203219,0.008919851837240542,0.012281628962082236,0.04305117495416939
111,0.011857305404370896,0.015403533820703148,0.0062172336831764746,0.0005289904330577135,0.004367981897808694,0.001922298866319815,0.1352747066800647,0.38786699145345355,0.006616575514786613,0.09351570270159842,0.03752153599881298,0.0025221264875470066,0.0006320755221693824,0.18079334955208257,0.0001834121147362868,0.006664419350853347,0.016219058045212537,0.057399927490863006,0.0266818043980591,0.007810970584323776
112,0.059148604750525,0.004710915984887483,0.0047003134288847144,0.0004172379682630711,0.16325029643704464,0.0023561496334987622,0.033844056264837,0.007230201374056335,0.0003227890678771132,0.003050785824537401,0.050857765610129634,0.009026607825938742,0.0011093720279635993,0.1356657055663582,0.0007190222275296822,0.097177180644236,0.1694530536912834,0.09020331187205552,0.09675413628271598,0.07000249351737765
113,0.058587478877947206,0.0003113200568059263,0.059629068977829526,0.20710158180633095,0.0017837291945413517,0.06824749320236731,0.044195942528101974,0.003295423941917785,0.0009048466556167724,0.006494608142995932,0.14589069115286618,0.004396025686006702,0.0003337022987135217,0.19560789001869874,0.01290230491870895,0.06248026959766945,0.08834578553045815,0.0010769328347631749,0.024270103904439837,0.01414480067322063
114,0.15429537360768716,0.00749004502198862,0.08024351438260924,0.31277069610726776,0.03129064482527,0.003970306259975937,0.039232104665764975,0.007761460756446011,0.02265374034611288,0.005695035561798835,0.01645622355202225,0.03693410984885348,0.0007005367519710078,0.07453446752674917,0.03262734168363862,0.028801677307624993,0.01334324216977621,0.010149991275534015,0.10495538941906471,0.016094098929844015
115,0.21124321279452946,0.00478053231880498,0.000587504392618775,0.014187315470473316,0.17100708615878701,0.0724789199727907,0.007792558753963974,0.026784877000139495,0.0019561481564748157,0.0035753512390903374,0.15318581716540572,0.0019273915029776937,0.00027153057321109895,0.08016725566179661,0.004593302552414026,0.14599116793089828,0.05429232935062527,0.03310894068267379,0.008237143342077261,0.003831614980247405
116,0.014553740634894948,0.01607453467652484,0.0004977983890347068,0.008720802390170146,0.0028845340365006873,0.0006872762144282168,0.0005291131870098908,0.08489298737810691,0.17520741219741048,0.43870966961884317,0.059298518534676235,0.004925754629707245,0.003131357776196951,0.04687927399142082,0.0008659042940969033,0.016729085372676245,0.060146467570414,0.0037974099187176895,0.03884825604497003,0.022620103144199693
117,0.03626460150873223,0.019625027359316892,0.12506270610895798,0.12148875760644559,0.04281727468886714,0.015318137377458829,0.012788547901242507,0.01958903564940853,0.042071742835052696,0.055024384025096615,0.0813291387152801,0.006136896472124563,0.0007203569198358589,0.02408185431714617,0.027042102535567755,0.1380739479082403,0.011927279477793833,0.09963185494284814,0.09859812866988774,0.022408224980696653
118,0.05504310046379334,0.013267425569837343,0.0006096593667102076,0.0114900104605915,0.055331401726316606,0.024811855204324627,0.00187549955515564,0.022376717546649376,4.2825242834778596e-05,0.002366544324529842,0.08442051336421605,0.0008264799350391406,0.08558994042111284,0.0979265633885008,0.0006706520211552592,0.1422799032882989,0.2253009696296925,0.12545701676784524,0.03328080825974488,0.01703211346365118
119,0.0885749158217642,0.21597106316377498,0.0002389248179305972,0.001045529416071548,0.006024874799058186,0.0017791261902171628,0.06823077907624957,0.007852792413101207,0.004328309785209337,0.032419032078353116,0.2432536279051065,0.03523690943194214,7.65930696300161e-05,0.04912025667746321,0.009614513306722599,0.0548617734878841,0.010414409239345168,0.01798330722304967,0.011032707080161838,0.1419405550169649
120,0.02658467485161537,0.020063592827986552,0.0024354175469179793,0.03197971818507755,0.006147750549042726,0.08280252210005934,0.004732332890669173,0.05019302829148278,0.0031711768754690748,0.17112887124822507,0.0773664783301323,0.005511071420650384,0.00493501911517495,0.03850267559330134,0.024817626852361874,0.017536070965591646,0.16952113403628355,0.23571086073695827,0.023450640702833998,0.003409336880165948
121,0.026764812164984796,0.05625335650055463,0.0021915610156778035,0.042077572274045155,0.011400765824451202,0.06456609490805983,0.01256632914779694,0.03110055242295788,0.1192143330592627,0.0265904437870593,0.01339927819325803,0.1727708518127818,0.0303634839734368,0.04282186359186835,0.04886861734614468,0.2271637585970946,0.026122058038453036,0.0321830798619891,0.005702989147256305,0.007878198332867247
122,0.004942176273740612,0.007120448447261714,0.0007407102424653326,0.0008973446537066675,0.007555938795443317,0.0033809902606011686,0.012671094482123795,0.05236627847240169,0.0038678351913219644,0.8872306182449562,0.001315562052452143,0.0016596251457312197,0.0018107486100606596,0.003323702680362856,0.00040747258135454114,0.0010745442325766632,0.001758414805133103,0.004070491625179768,0.002311318156186241,0.0014946850469401854
123,0.01729840248784994,0.0011968104566020344,0.006154888263651415,0.06773398616025068,0.014632421198946083,0.13664591880791715,0.17729144707674596,0.01804682276950411,0.018368093872924793,0.01793667290452458,0.08618983540118816,0.13137584617594064,0.009538587113373399,0.003480384817734864,0.024961857735933523,0.12481383146679689,0.1293831525723525,0.0027900487541727415,0.006116194994519718,0.006044796969070951
124,0.03041080720670103,0.005749383534926376,0.06615293581075195,0.05453300513138905,0.010253375713637792,0.0967574102911921,0.017051179224967197,0.010078259040297034,0.008126171614261098,0.016450162791400172,0.09011403250447142,0.253967716655595,0.04835635914869967,0.1871039005827376,0.005726845110034529,0.0011952420064759513,0.02906733860569329,0.020659856771095206,0.04577132951248012,0.0024746887431935853
125,0.03640997573242305,0.0502479413685167,0.004281151883987457,0.003909198205460297,0.0034456707978234038,0.0002828918760538187,0.00949864562439258,0.038889984408372234,0.0030618642017122685,0.5790505963610552,0.2261798750522349,0.0013783383578295134,0.0023397193223902092,0.001406438764400002,0.013464738692198904,0.007143552830081375,0.0008351945056966445,0.00865573011222391,0.00884659094694146,0.0006719009562060558
