site,A,C,D,E,F,G,H,I,K,L,M,N,P,Q,R,S,T,V,W,Y
31,0.058719737514986964,0.0046994628588264645,0.07902193550449217,0.059682578933735415,0.08569201986671816,0.06716557605734387,0.04503878548085232,0.15266847021569901,0.050808351570195844,0.07373546573042958,0.021377455257779395,0.03900008076513308,0.025520323336894798,0.03407045476880811,0.055451656514070385,0.03405891693792269,0.048667331246396335,0.02868369967550578,0.02397692716036981,0.011960770603839642
32,0.02611865132609581,0.07451404327478163,0.04851492584385243,0.0788176539841007,0.001659053483730228,0.07303425143385145,0.025469918601580467,0.023378191755023384,0.03282427667792788,0.043340961064028384,0.03666666354986372,0.05443068647745758,0.10573322418526836,0.048681636918353095,0.07168695077623795,0.0787352822502648,0.11077431518545643,0.05756015000054162,0.001120089737909921,0.006939073473674279
33,0.01003087367227916,0.006389658024047593,0.034116872000434034,0.09478754892074698,0.02752920618672301,0.028474415965588726,0.0556613782389195,0.0859591554543875,0.07243898153137363,0.0664661489705628,0.06467247081031706,0.0614446043182132,0.028077453360634275,0.05566971296448654,0.024654226078836432,0.03962994623568202,0.07280334955768583,0.053521510112131895,0.08117474410807206,0.036497743488877875
34,0.029247180084335314,0.0047237585076186405,0.03649725213266463,0.025039785491503742,0.07844675753440317,0.16060315351104446,0.03874427631061079,0.024097635984095894,0.02930604082715779,0.10063751848411119,0.10424759007151653,0.028420786438844395,0.009938692649866231,0.06357540358852838,0.0190547076641207,0.03154056124487879,0.02395935170928277,0.04523704345401452,0.0779337853124313,0.06874871899897081
35,0.00040376943507597926,0.012982507288883446,0.0013824642879839153,0.0013142789743466412,0.07868178742071291,0.00871690617025829,0.019317325878009578,0.00039722615805903573,0.0006250429158389155,0.004841191437673287,0.024636006136580197,0.00027793669457870223,0.00028215188574261306,0.0010487075362332764,0.0018507337477925046,0.0007039485943329136,0.005343876323140825,0.0006364075395762058,0.5996626366306789,0.23689509494450195
36,0.19104460235276832,0.006628353119129991,0.010826899219297827,0.000705222210673979,0.0028817705554261075,0.0001698863918642199,0.0003328236194381282,0.051977478780409224,0.00032740416944673756,0.00022842717281759993,0.0013673989230894128,0.00020307801534339253,0.0002897549949057697,0.0017571474706295648,0.000553623023282974,0.0022472811305637064,0.14880584462057644,0.5311304118211032,0.024027555585618702,0.02449503682361473
37,0.1550639191025226,0.0007956484086744164,0.0006635263905523703,0.00047531542454628715,0.0003436209043894219,0.09897758396623882,0.0012457101066561348,0.0020674604714124726,0.0002584753010805152,0.0011311509737672182,0.0008652690185684765,0.00901915364414366,0.0005960010647146298,0.0003875825148711703,5.307059921181957e-05,0.21138037918961636,0.4964768410473895,0.009330647189644303,0.010663755038257488,0.00020488964374255008
38,0.014413365736026229,0.009199306446070445,0.015545235724924273,0.01830036447906997,0.006194005121691738,0.0008766896497084693,0.00042465212149198024,0.043520034862186203,0.000510278858080129,0.017045911359530937,0.0036290930221573284,0.012892172197982254,0.002441597850439506,0.0028747332343594194,0.00048747600473145636,0.006847231025832247,0.003164324007399621,0.833448289688999,0.00780257984195718,0.00038265876736161324
39,0.0025615352355203244,0.0010447460658916238,0.003812754422904655,0.00022303643566686326,0.32250510212230804,0.0014228119166465195,0.07557772351995487,0.008106391838475781,0.0004297949356277585,0.02217725566474922,0.010969412180882394,0.004258453523698554,0.003235951191198298,0.00019632878632742918,0.0012785081743476796,0.0007423569051773192,0.0008191127807185471,0.010088936902057715,0.03619483547175626,0.4943549519260902
40,0.005723567613158524,0.0051630853323492145,0.0034804940833841626,0.0004875416728713664,0.03748252856802165,0.0015730080494944377,0.011535247742085808,0.005934882471169197,0.0007184057762512276,0.0020769273259843637,0.00945215395548715,0.001057109063398747,0.008214216610965193,0.0003831190492432189,0.002108066617807717,0.0023038933297939647,0.009947145820954835,0.00951253032756989,0.03557315055819257,0.8472729260318167
41,0.025086385136421734,0.0010135263871562847,0.004940640201044954,0.043918708015221526,0.0023798553928560703,0.747443984092768,0.0006910771829444078,0.007588497025935357,0.0014694057752487521,0.001668302010094374,0.014215936144152187,0.0006521717925183304,0.10621225674213536,0.0011613272015607683,0.03244855347891081,0.00011778548962473363,0.0006550455276922842,0.0018176851692116287,0.0061403070516376,0.00037855018286487863
42,0.038373084856057886,0.06329676437582239,0.0009566955677841636,0.00817279268950247,0.0013590389181606089,0.008254785376804213,0.0023564355633868255,0.11969366113375103,0.008437329423294322,0.0006911561633858355,0.0022686455377998486,0.0008768198221362627,0.0008617581877302552,0.004826994415424971,0.000173959104287403,0.00022469455617538223,0.07025388490260599,0.6504646611209546,0.01676192550643302,0.001694912778502321
43,0.0010242707798498423,0.004914452477159646,0.0006800104081046416,0.009631285919029377,0.004382268332374009,0.009857761544031349,0.007770738769848957,0.00020017315563832351,0.0011763800062819505,0.004754207949602051,0.02091558210716829,0.0022551689146153033,0.870165332372061,0.0013320033271500794,0.0015416237330435258,0.013539045056131165,0.01685560687855795,0.005225598140562456,0.01923288556599571,0.004545604562794391
44,0.09031889213582515,0.019571093563876246,0.00015075881672160042,0.012631257970446851,0.0010303614599321204,0.002283606193972963,0.0010242369345690517,0.2111594540437638,0.3633060851526637,0.0031124528989859104,0.013402352114774328,0.007881889737432354,0.00010307621650605251,0.0031752668584776253,0.0031280040646269477,0.05181997539954668,0.0018958282197297865,0.21179614242126252,0.0017779333733235045,0.00043133242356275327
45,0.0003837549098210372,0.059171953512507466,0.00035270060347785884,0.0003796516668934704,0.43648001215672355,0.002412377528943218,0.001177318996050815,0.00013712501313502626,0.0009881265502553662,0.00035702361805756735,0.0013485459753856074,0.0018787497665506121,0.0015915133115922556,0.0001746273709040779,0.0009023181335631848,0.0011059919844329527,0.00012678226368545518,0.0004003444990941453,0.3559814882732384,0.1346495938656878
46,0.08159053735832317,0.009798443564684777,0.0938395268880377,0.0919003362697293,0.025212003339391036,0.11756875168727171,0.030270557872981267,0.0177165657056193,0.060924127290010316,0.03804361855455415,0.03515586714932197,0.10422262130809193,3.18704953590952e-05,0.06400822464643209,0.05828580860242178,0.022160370764541006,0.024187891249708857,0.004997767197945658,0.017252758879913694,0.10283235117566128
47,0.10562035519829914,0.00015105286550355293,0.10261488577623022,0.16584667097255942,0.001447255591339442,0.014108102809699777,0.009544055784557694,0.008049234356271091,0.007056827632154012,0.001867638636025231,0.0046593960096766975,0.014279618773854731,0.37818605321465815,0.07042770347445985,0.006570952837130521,0.044261229472925635,0.05699008775727211,0.006979630002177669,0.00032177736116275517,0.0010174714740423037
48,0.1376265455981482,0.025850945263710064,0.03178068738691236,0.028171020949333058,0.13231760167399,0.08452334590702183,0.008197677449623422,0.02514363214511812,0.02733570439855992,0.0033279745619320933,0.0004975780282463749,9.979791330414029e-05,0.004342386830128779,0.02419668482707357,0.00558735890380182,0.220404553901495,0.16956052141112285,0.018121937712706357,0.046975305395694084,0.005938739742077718
49,0.07297378930349148,0.002500034318362458,0.09321572126145303,0.03283043170147772,0.11080941819757076,0.009932722216711517,0.07424854556812541,0.13975488707862296,0.056197631274854686,0.03151336780673975,0.013620816478187811,0.05807371266211557,0.026082396383853117,0.039231515958610665,0.02901786965321129,0.08080680723046878,0.02112018981466752,0.0655587158691918,0.022820293197787465,0.01969113402449613
50,0.1246474395911596,0.06409145234452462,0.004864075645653398,0.02189342208728738,0.011196065332706371,0.103360265689172,0.0014598323365622155,0.07566916721728743,0.00169869947465521,0.0006824954746456608,0.003638080493215025,0.009475372940728973,0.11563163323736739,0.033973178109387145,0.0004243038393354478,0.10141620588172047,0.1926713134466832,0.11695636345992921,0.013912715548042678,0.0023379178499364434
51,0.05358935629953422,0.07941883588867851,0.024356088533194133,0.0011449299866048363,0.025893414517324846,0.01880779872779409,0.009206270469961973,0.06793393603407298,0.0007359372906816792,0.03515329623877871,0.11464480195764577,0.004590948855938922,0.0672906440928394,0.010215206481452117,0.005189161778930173,0.0043993804148357955,0.1092014048579525,0.2523916467757542,0.08274082931504373,0.03309611148298139
52,0.0021353186478364405,0.07802359241508523,0.00034391242378077895,0.0013211641572020338,0.1655458099874204,0.0023185803698810652,0.003177461944954603,0.03919689112986797,0.0009933733272167835,0.631662178269217,0.00579645285954729,0.024429702470112398,0.0005840243584282379,0.026519765351556913,0.0007634301876415197,0.001444477219165945,0.0023572494855076836,0.0035763010323340296,0.0016315602057682449,0.008178754157475682
53,0.0073824355363131915,0.011030685448510345,0.0003306960407211517,0.013635327606796473,0.07993049817860737,0.00019203090461320397,0.06840641098372792,0.44695956285708227,0.00012511497686046652,0.03138304885725204,0.04108019973056849,0.002406081103868616,0.0011349754993926335,0.015473887660034262,0.0007173771690186088,0.00011337205222556821,0.001947719753780316,0.00443709969303313,0.004266499928233727,0.2690469760193604
54,0.0005071272252960078,0.914370785396269,0.01165340975862649,0.0009674782250434927,0.017861703641938516,0.016940727454951697,0.0008567232149126399,0.002413022711619787,0.0008774647892863022,0.0002808888413151072,0.004269362142606626,0.0008260261459502276,0.00034315423640735726,0.0007132475778169264,0.0051284839949916105,0.0006377102678543353,0.004339504919342672,0.003115453325551662,0.003126783483518153,0.010770942646701233
55,0.23079595520207852,0.0014746467145880559,0.000592765701435575,0.011357763297150401,0.004396825776559127,0.059256392806448455,0.0026800487201558455,0.287713766073876,0.00033234383078370146,0.0016115596471183388,0.06325334277027905,0.007196364700664397,6.746467573247715e-05,0.00032742817389679193,0.004284331638998808,0.10785587300666016,0.02630032990041014,0.17780587117203572,0.011624614668804397,0.0010723115223241527
56,0.054623029829033304,0.20936873236312356,0.00010090403689896486,0.008189230266362754,0.009215536738202268,0.003824300612470203,0.3527937589772005,0.011702969558913758,0.0010204674532045082,0.002569249612674013,0.010368410333868407,0.012131286652464554,0.0015075467732515633,0.013865538589447925,0.0006768684546205417,0.05713248619475912,0.058728471752184146,0.015040278965283212,0.17704201009053225,9.892274550445474e-05
57,0.010418573960089123,0.00447481959079481,0.037983313296100496,0.006556303217916397,0.06048382618861514,0.03963000715330869,0.09138902950807587,0.026175432139371412,0.18023967194592447,0.07637403177008426,0.06788156765888308,0.005253925132839745,0.0075674252139958905,0.034860665388876465,0.0506173952715679,0.09525828854652685,0.09490689799845015,0.01829408641670054,0.015006485026390381,0.0766282545754884
58,0.02224162892865339,0.007705289901853643,0.008419400218213541,0.03249203079667164,0.31707219035684103,0.012978148507016498,0.033287982359059075,0.08898161110837195,0.0008422482873745263,0.00956497405559269,0.05699411268067862,0.07681299300876986,0.02911483768748663,0.01875283447890408,0.08027240680984184,0.085919230447828,0.02115832306165636,0.05745703808656955,0.017854264705454526,0.022078454513162357
59,0.01964461415650331,0.017051540884299804,0.02345286029389567,0.04498306518653444,0.00844320302905327,0.08942824878527374,0.011918526952618856,0.2575201079110459,0.032655954070362814,0.03758197296350769,0.08219561411119497,0.08904251536510156,0.025624489828092716,0.03669591678119928,0.014596481168300045,0.052999651940154525,0.04199904863196465,0.027902479020671334,0.02364547060402651,0.06261823831619916
60,0.024783028940457485,7.529961022412824e-05,0.0001725167134645409,0.00032673956712635097,0.21576949471636325,0.0249847387799672,0.18372335590905475,0.029328453270448224,0.0004937462613391697,0.03595832671295257,0.19508275549690268,0.03643935811591975,0.0076463021832673395,0.10677748284718122,0.0011033509425629777,0.0802883060259808,0.006378011384932099,0.014326751777189617,0.008138487492953119,0.02820349325171289
61,0.2643190506511442,0.0040998929214705335,0.013208393334614581,0.002011625515979847,0.028901775988687834,0.01805906462370502,0.13462437366386035,0.07310353554304148,0.0006784256236862045,0.03483324976257794,0.010945092227230632,0.002925741314054248,0.0442271354361381,0.056834927519463556,0.0015921845271991977,0.08599184399714764,0.06382711249649513,0.10889274435682343,0.028921576695249737,0.022002253801430404
62,0.04833047278487095,0.02174171372086785,0.021990119215320174,0.02330569600989392,0.024277481245549043,0.3783329969057415,0.0263647397811092,0.021434398512573585,0.004439779238572864,0.030080789359971227,0.04784981848469764,0.051002212528924534,0.041191683980964976,0.07649878327075799,0.031205234711284315,0.02779113838276045,0.045669486282187484,0.011664335544076523,0.009866896147432806,0.05696222389244299
63,0.08637812386250197,0.005487107372781158,0.08379354199532106,0.052023413601987326,0.031831668235001116,0.05541713406942148,0.028748824840808616,0.04184708882583445,0.05912727805143022,0.011121481019773463,0.059434710232400156,0.024335773176827103,0.12435925552263108,0.037243785581929305,0.13780553348012423,0.02673862989117778,0.03956322571352271,0.04705889659797532,0.02498565579895835,0.022698872129593237
64,0.0042202544853048975,0.008998445027313035,0.1513143884468985,0.08513724232541733,0.0004395762666018226,0.36035659355103,0.0014850494889851688,0.0004211654837923585,0.006960675820440489,0.0006522063888616668,0.0019460516066485667,0.2878522836220982,0.0003123374941986726,0.0020206416839054484,3.171186495228942e-05,0.07944967856491983,0.002189557882608708,7.702874743882051e-05,0.005480342068217455,0.000654769180366941
65,0.017896876376803515,0.004346067374558443,0.35538728559167304,0.04224382356449848,0.08470787906624212,0.018922059350336237,0.09694730261039815,0.004240509500392518,0.025779711733608535,0.00703653529227926,0.04594072113823697,0.05429928454953235,0.0009984743626195562,0.020591185046740162,0.008524905795470595,0.024918815411180895,0.025703074356145453,0.014279049736320841,0.12140785924261373,0.025828579900349147
66,0.19913057705301254,0.0003012718315888182,0.0003602112920950346,0.0030503395852718974,0.02614361154363506,0.03947724415775095,0.020313496187863083,0.18199179876163,8.389284576739e-05,0.0017394538749806157,0.003476647985945467,0.07593330432574756,0.0004128228674218493,0.1304655617705649,0.000229025648993728,0.039610734510832975,0.10546232255315766,0.05337064994789789,0.030452022671194526,0.08799501058464815
67,0.0062707128019090655,0.007243734774406769,0.14856654955145945,0.004993813940839605,0.35722484853662206,0.01450982253400694,0.0012759148833120738,0.0035454617350912784,0.0013335100378857193,0.02877614352616614,0.014846408044161463,0.04851533521617331,0.0009417097512513589,0.005570743813347344,0.008424612965441253,0.17994566551223207,0.07320982285763782,0.04101134165939992,0.013900834919276687,0.03989301293937962
68,0.02461369671312521,0.025796951616497074,0.003542597910389995,0.004087344695142617,0.10564578442177307,0.02887169325500446,0.015613952114258062,0.47568616809152675,0.0004899206201860733,0.07624557024744241,0.02390209316498169,0.01555803195997138,0.002023578082465857,0.0010796472671151388,0.006403278477793497,0.00170987960550433,0.019231235483047546,0.11473886813609856,0.021762812789273597,0.03299689534840271
69,0.13092450390674196,0.010465901846051229,0.003874646772210787,0.004394137718443922,0.28361053680159287,0.002408348028797747,0.0026765059413636676,0.2655010274278832,0.003241775568134763,0.013953611062597068,0.04112394675225262,0.018993123216716035,0.0001473976131294385,0.06201063180873021,0.010246309262031112,0.0012426814860786377,0.0005459478690736513,0.03295407903712421,0.10660851075231094,0.005076377128735958
70,0.048951995682930086,0.005271075288650882,0.002277543502819271,0.04685442492213788,0.0017319457756661473,0.023445706316933837,0.25321822136642946,0.010032390727382474,0.11722073464891321,0.021500017163086395,0.07102678415958304,0.061436707094439325,0.00040500321679638534,0.053731036131925654,7.878873442795639e-05,0.1530925729613745,0.0065854071254329676,0.06898035730153779,0.04243742687534968,0.011721861004182972
71,0.048402815309139216,0.0027191632763496937,0.002482701047993784,0.11086998248811578,0.006854483509679266,0.0537641229914299,0.013985293622131858,0.034770844458371676,0.028492661054047068,0.02796136089862373,0.0007032609340705697,0.06526933331101938,0.0011232241462872529,0.03816903740273933,0.015365988309048442,0.015712789208256868,0.09493977463594362,0.11196213342363202,0.3258056782980445,0.0006453516750760997
72,0.06013423354219798,0.03490969141189524,0.03616971902111668,0.0027273369063797455,0.015294788610327521,0.06120710466263025,0.08961903702602571,0.06068297039035556,0.035726016412706375,0.0056328404445655424,0.0035976754476848808,0.05933064451626303,0.09041202488139939,0.02918171773842288,0.173710023425304,0.06564729512020376,0.01936258316795532,0.13686443065194784,0.008318994250056637,0.011470872372561747
73,0.1352116341031527,0.059658996193707584,0.005765899203190577,0.05739318037486532,0.04676783871432708,0.043825298086675374,0.05950280816438099,0.024626166464905758,0.042552185111432064,0.046392358991053144,0.04064868650663726,0.05300632877417075,0.027562933760568294,0.033535750833093805,0.040226000907803046,0.12462067497876617,0.058933314212429797,0.019695476910662982,0.03800885012649959,0.04206561758167794
74,0.005870924122067977,0.8460094898976459,0.003651458305389133,0.0031142546297250454,0.0071051964880511085,0.015780466611703747,0.002307637714248159,0.0019465653178146586,0.004545203183619265,0.003695824693859819,0.007376304751459254,0.006609016524375923,0.005455772821254048,0.0020917094516526855,0.002685631895947549,0.007277021658647488,0.019825438399028263,0.006485854886855724,0.016025829867929425,0.03214039877872498
75,0.016392067663479188,0.012492210907795693,0.003812225770492416,0.026279601835476542,0.0060631347849940155,0.014827133167087574,0.009331667909443005,0.01831613028566105,0.0016321315385545208,0.01822409097995545,0.07526186093427241,0.0045107191260076885,0.5515335893260445,0.002701030927358142,0.011446496570454826,0.019759133038391222,0.04173068861571775,0.06368766264607867,0.02828499740549528,0.07371342656724023
76,0.048806318866762385,0.00866571514771723,0.004040636479005509,0.0024799067341558607,0.1295000031161454,0.10658502504383925,0.0023528136468311985,0.005550088887639377,0.0013940175592832395,0.12554773359405785,0.20002332473555684,0.012844195467074675,0.22740160087965738,0.000942786449426742,0.0011240931328151604,0.03471070930936808,0.0010693097960291797,0.015352384178346966,0.006299974952707557,0.0653093620235802
77,0.03836072258348412,0.028143576788968436,0.0020598387279325246,0.006974391814394141,0.1771062921190879,0.02004210368309034,0.15576129827868102,0.18923547180755368,0.010789541943746353,0.030900502397621855,0.01979965935300139,0.07043834790392074,0.008188713417221358,0.04000286122084337,0.0036269463174965666,0.015217364096509109,0.03156789753354161,0.11512053230634918,0.003689960378410018,0.03297397732814617
78,0.02912290556006445,0.002907157440760317,0.042328566404416644,0.04642426237635447,0.05096461098420298,0.018178095798542113,0.09333644059650599,0.06156502937044765,0.0024086236530243637,0.2157245741799354,0.02267896448523622,0.12266780614544906,0.009117055150388076,0.07893382161910698,0.06140886586703193,0.007519696849246219,0.05992201669263057,0.007440951395333828,0.012372736663365625,0.054977818767957265
79,0.0331499509699742,0.029669187674456317,0.016000980596068713,0.0073159365245092,0.04476691978797544,0.03113849332390695,0.016674120703422647,0.00020362090370480687,0.0028927663220042633,0.09496823005389525,0.022053767743116164,0.11464818344546904,0.012711734921225706,0.09447843351097306,0.0042159136462612224,0.02219797687932661,0.16396667282302155,0.24423375845167136,0.03597395171878188,0.008739400000235615
80,0.011925184099611023,0.012147296779386512,0.037995412226681104,0.07643226632854865,0.11701864926997829,0.03309580266371198,0.014096819789584604,0.04850429280592377,0.01923902866641276,0.06605431680058335,0.07629709293414393,0.0389885155656724,0.0007812716807732885,0.013309261128714703,0.03653405794088034,0.022553654908678777,0.008339257636353023,0.05941509801826811,0.23227990398011691,0.07499281677597648
81,0.054940066122119706,0.08200613351775364,0.016262742495993646,0.11313630179587207,0.02338442257826996,0.05058960500775169,0.0029107608775330255,0.05005926565115749,0.04232159588163891,0.03621417562168005,0.06605866520725197,0.061720455981502186,0.034575252892689964,0.09673344228412875,0.06942987943423241,0.030612770925756608,0.0754193527597087,0.07337444795881116,0.007874389029753152,0.012376273976395003
82,0.13211151570795876,0.03190082888521203,0.06535524978511664,0.038687964416099264,0.027248266624437068,0.012502431050217394,0.01189007864116556,0.04760170999135981,0.054024145492250854,0.040722978793931296,0.05175070757063034,0.02648048307755098,0.06702018900668619,0.07643044928278023,0.06015115152479382,0.07023653429205097,0.07140679176231542,0.03519861563074071,0.049970195674616254,0.029309712790086342
83,0.11831529634464588,0.005784166531531789,0.2044389680198047,0.27017208068469944,0.0007788193329051967,0.06744083746255682,0.013180195465927993,0.004670072498588688,0.001214406018795094,0.0023641522893256372,0.003324789063624268,0.026910206971249268,0.1389456955502291,0.05749859939856194,0.0006886999919986526,0.01507271748670474,0.01966030715935525,0.028720443186412224,0.005705726001635013,0.01511382054144827
84,0.046219783490925356,0.006295552001640725,0.09254530889328702,0.009938291112225295,0.00898585145648877,0.11646238909505661,0.017965372002850744,0.055800963900926225,0.006620410874383693,0.014338231703125965,0.046438640705393025,0.009418431861909677,0.009735782843153308,0.08789050288220598,0.011835527281648469,0.04026982789026814,0.25101490631810436,0.15141158692268214,0.0012581740002906528,0.0155544647634339
85,0.014324352260168812,0.008847726486793037,0.059617984192556435,0.020024415007930303,0.19690080350084574,0.005003259647916518,0.03623320347909906,0.02361005234984931,0.12758373399403705,0.020030279102211727,0.058853123028173596,0.05334534042267394,0.10095511146924398,0.12874236708508832,0.04339125426453947,0.024286579156083846,0.0004541650023050091,0.03709462373383444,0.035703817367874396,0.004997808448775087
86,0.041261639478746934,0.014617318048078634,0.0009726230526656115,0.0012728166312458466,0.004026041961752866,0.002606168995438527,0.00825743495565203,0.12438254591963849,0.0006887432385103319,0.5701744131940544,0.015757061928576448,0.005175756382698712,0.00047521658524958977,0.08170654838674724,0.0027479177426498027,0.0021289686373243324,0.01721992208104346,0.07981046514406356,0.01950558565077838,0.007212811985084925
87,0.023120661891720424,0.0054935144250953674,0.01690952631611924,0.055440675520657526,0.07098226554496792,0.0022641181656964104,0.012178068365448724,0.019921237165186793,0.12740693840365944,0.06209384843479639,0.02074312009456048,0.07097413987922738,0.22675099613893732,0.026341253459565953,0.04317082376412626,0.04380088593947676,0.06113679877372401,0.04321725429144298,0.033888787165329726,0.03416508626026084
88,0.027575795644821613,0.025754774215945624,0.023750967186402044,0.01093559933767476,0.028365105802139207,0.05693782168455221,0.075881674809892,0.003995545632545716,0.0012402122308620815,0.00869742136732981,0.18621343263214424,0.061812307248344134,0.0032093859946176403,0.12608338223896795,0.22931219962648136,0.014573676755355184,0.03205866849979863,0.04636289038474651,0.023308423217852262,0.01393071548952711
89,0.019119528846295836,0.011252764524683115,0.000893763794320876,0.009107105602714837,0.04262160151265969,0.0013605160561523497,0.01823329596494481,0.14613844829110345,0.0146988239197316,0.003252278215798495,0.017201566366865716,0.0007732409014446754,0.0006270846228238116,0.0037237080849293015,0.0036994813070659748,0.008410378870829058,0.08338590271369517,0.23548332745854492,0.3384918900577717,0.04152529288762468
90,0.02532114328753255,0.032472964841946166,0.0005333624336595935,0.023042486842438935,0.05024599419790695,0.0021196593107572054,0.013142558002557248,0.03824397906366675,0.15968538815982647,0.024460956416126143,0.0114382504283963,0.01687188680670299,0.00030999014427401364,0.00442837099543109,0.0901127942681946,0.017740601410174462,0.019562696464194333,0.06295275322188373,0.05521452666982197,0.35209963703450853
91,0.32133194861513986,0.016728458008834744,0.034123915487765104,0.060283629815804776,0.0007661928232330917,0.013791092436845571,0.02608755092044956,0.063485955937595,0.0007814836318165437,0.05945863149620198,0.010082826400872762,0.0017767079636356257,0.006624405352196274,0.15836606160889982,0.0003965810162174413,0.05240007010416702,0.03248943337074691,0.05960712061343105,0.04964692246245928,0.03177101193368758
92,0.0676363001173915,0.012414180745913203,0.1448558873010971,0.06869915123621612,0.04408800167505117,0.00789413662713897,0.05614406125497564,0.07829615821740106,0.1347055102845377,0.03839316574399333,0.0037480657256771088,0.013360774721543416,0.0343223665394132,0.06968846842051689,0.017565194451086872,0.044218868670631,0.019140732923578433,0.023552627469563416,0.021157134290476363,0.10011921358379745
93,0.0010480508314496995,0.0076831577536362605,0.06178965176436953,0.014161688634320255,0.5803574369575445,0.0005604774275049338,0.0028223292814835536,0.00307356433815172,0.0009538704665731774,0.03651196036953672,0.067746156573043,0.004059753475695283,0.0019666522517933736,0.0024056336474107165,0.010634511355510566,0.006250074819800027,0.001139856068535544,0.0009004180606616026,0.17069487231903446,0.02523988360394507
94,0.01271861220235102,0.007390158832760276,0.14513032124476938,0.03649176410991823,0.03491064571529507,0.0012549753615048974,0.07515672813566472,0.00242270243457324,0.016010126753500987,0.00754378818173041,0.07601640330289186,0.22871382646952282,0.005753765304334914,0.04512064815443702,0.035767513521250405,0.06703548662087626,0.0175464482877167,0.0065577302128734406,0.09833117605682254,0.08012717909720593
95,0.22102098896650157,0.011931372532389,0.003970621779951705,0.02593399320644692,0.0045741315545196086,0.015402441316886438,0.0006795287723961118,0.09560945993913184,0.0020464577701436956,0.15982725597284014,0.1487013523134052,0.0002756333334723832,0.00376105796213267,0.0009574102314012267,0.00012911064504596113,0.08227480316876679,0.11983648317980047,0.09531649699839156,0.0005810891873744217,0.00717031116900252
96,0.004171276333403729,0.011723490519699868,0.004202654464059588,0.0011530639022360252,0.38258022249990103,0.009579472713463285,0.08128656615775944,0.0008836956434035182,0.002726454495070985,0.006672856616700792,0.046586323701542816,0.03962778873117516,0.00024891415860169567,0.016187675478936202,0.0013389343241825928,0.0006360685874043179,0.003864008605828386,0.0003685950144108766,0.21477222225097148,0.17138971580124818
97,0.12309685346399846,0.00681004560326254,0.0310688370762208,0.011036638549227975,0.0010690663245125505,0.009477377532633105,0.12025163167224598,0.004286059932524069,0.027580440090605524,0.005559825168300229,0.047850819751433904,0.1706671095263811,0.0004133526640734688,0.08857206913302657,0.026244261585174823,0.13312939207858412,0.01777748204453205,0.018351949871613565,0.002057017280301077,0.1546997706513483
98,0.002290221922312452,0.0009110337039269579,0.013271695949496167,0.2073526724012068,0.0011058511178795578,0.008360845086302823,0.006879800444579805,0.011279900330563955,0.005191672522558796,0.09326251144790988,0.0021601632470125438,0.42931734109328984,0.00042058563466289864,0.009783506760180333,0.0002787101816653339,0.0861617086033317,0.07292190668880445,0.023032712459836985,0.0021106181527661915,0.0239065422517126
99,0.042139025778986185,0.0013223530738097106,0.049637622114169166,0.00469085090332713,0.06306920214849945,0.045534741158044255,0.10962661979119696,0.026475660065751548,0.08681190423592794,0.02005991917052967,0.029894552031847092,0.04798706204959435,0.19763726892650785,0.055812483990205566,0.015597198568679029,0.043314037640918845,0.09225322824401244,0.006720131031645708,0.0023241586972867737,0.05909198037906043
100,0.01330163232519268,0.0016682157240373902,0.0024905115125537962,0.0025448676848219645,0.0832758788387455,0.000379080533735729,0.002185443606335377,0.059600761964841285,0.011361590102762172,0.042440264397320876,0.5098790449404904,0.0005923601117823776,0.034771239745617175,0.04029392148840385,0.002801832177072608,0.000576251318159111,0.0036894921417620153,0.17775828591409165,0.0095544183073707,0.0008349071649032973
101,0.2930726336434563,0.02355742047403951,0.014471933150726559,0.0010617112538981695,0.015175234455098042,0.0022221521909462543,0.0007047333051967609,0.19524115607682813,0.00034368474039808656,0.0008688368016707945,0.13234088473638564,0.1181907805665616,0.006084280536419156,0.0002728377090148712,0.00034255069004392023,0.004846139985002099,0.027251740589677217,0.16091874491999444,0.00145834583393167,0.0015741983407108143
102,0.0233621265250879,0.0016383731434714574,0.07461909328812516,0.0858105050189545,0.17799814238130254,0.009316638490727103,0.012401790489630455,0.03313445957108748,0.002156330547201573,0.03810845212386159,0.18191025605657934,0.010758697697097636,0.016723124275810488,0.02187778891960572,0.01902767487442912,0.06045007888469487,0.04145043989769865,0.10433897912365186,0.0734438817056131,0.011473166985369251
103,0.30727643338819394,0.0015562751844847608,0.018127779634340743,0.012156215311560654,0.019083171414024956,0.09223384169249593,0.06259342892331046,0.00045634978036609313,0.006330823100816122,0.01047159891638667,0.06384389026418702,0.022465749482788813,0.0012248247120249637,0.17307330390978562,0.0201336930232445,0.044633971056115995,0.03592526510002375,0.02228737713291795,0.006347415460407948,0.07977859251252309
104,0.06626736690286628,0.017156767796609698,0.003129314263593632,0.010594236738954866,0.008202720823926587,0.00020727594586743785,0.005576890562632121,0.061717625348843806,0.0014977804527777244,0.28855627822819624,0.2131879231794104,0.0018702871372579806,0.000803446671342386,0.005380971981583987,0.00013193950289351757,0.002421742383522539,0.11011533955665544,0.17437237388138022,0.0011763588894900406,0.02763335975219514
105,0.06149010396617219,0.001085830064187395,0.009971864413022297,0.03685237589850028,0.00674146887482617,0.00096029726062031,0.11822318162574809,0.01978208384205279,0.03142346911770549,0.06335439255545185,0.007824695644986649,0.1838883231819599,0.00020921967679785598,0.2049574899606748,0.02072643265705065,0.03921857643678416,0.009896375863848492,0.0015366494275463186,0.17746180278901186,0.0043953667430525626
106,0.025174236931840427,0.035636299693820095,0.15686317805373487,0.02269549865699471,0.13210333285471734,0.006275460766204634,0.043983753159673636,0.05652626678354323,0.015104413662451584,0.040347206074223055,0.07021134341274134,0.011592225063926256,2.374032289132006e-05,0.03081940617117558,0.0067071894921355586,0.008511435821263217,0.03159345992610123,0.09339320127759368,0.15811355114061568,0.05432480073435258
107,0.002297136900109923,0.0016491404866543168,0.6833172652257683,0.0036320891309180817,0.0005546177277737884,0.09402592449307029,0.024651596019787708,0.00021899662085289533,0.0005000345206125175,0.002498167263666207,0.01536449678301451,0.0054906266898511235,0.000153504610803067,0.0007630806515596725,9.0873867036592e-05,0.01354750646320906,0.145827728368986,0.0008000453296549149,0.0028063997391581737,0.0018107691075127607
108,0.11616982171988889,0.04506327243046393,0.01655521033344354,0.0001778031242521086,0.0011326446259629802,0.0004796408066945133,0.08098987179892096,0.20806468997889055,0.0010287481586658798,0.04942758281126244,0.06424211784108515,0.004994268606040431,9.992025635136485e-05,0.0459980179553529,0.0042892204420498,0.10682792749555271,0.14516799271325612,0.09625409607123507,0.004968977282878755,0.008068175547751995
109,0.03614900224957373,0.018801775986215765,0.0543475745692419,0.0715434158277515,0.010811914135996102,0.0021656908347530506,0.09841662487990131,0.040229760931006824,0.013586215621203138,0.09548404029537297,0.02517853901890305,0.14757026161098555,0.0015286632803066694,0.12690673266613126,0.039075517710541685,0.007169221678640715,0.013830917510227478,0.10423119644883516,0.003589516167971956,0.08938341857644004
110,0.07938993121794839,0.03754019248496044,0.10707548492520629,0.02275543302453481,0.028234924449599314,0.09967734257085493,0.06862588412320758,0.030101245978618456,0.031623215916761,0.015340774792379311,0.004954593159626302,0.039435975275038754,0.0010580948980756309,0.05630008956153192,0.044846128988456656,0.06943736750657674,0.12396600390308118,0.023120410007698225,0.01835107211148928,0.09816583510435478
111,0.015976678675471902,0.0036376785412763693,0.01209246666186495,0.02001867903031366,0.0012130993571117055,0.0011489134369761064,0.21051212787950713,0.15030265266486575,0.01783363212641113,0.21503688534923115,0.023939947280358823,0.0004399571991549202,0.00027972995857935385,0.15490906783674147,3.2868404145688105e-05,0.0014998983527475794,0.09733565116268955,0.07108632667213594,0.002228296776978078,0.00047544263343882106
112,0.03446182846242234,0.0041939711325168156,9.023994746981883e-05,0.001049182846825631,0.356089630577823,0.010256058021265713,0.002029829619077053,0.0013634201740752262,0.0005470707362588395,0.0034051386901175914,0.15112776783283452,0.008921951277723153,0.0002465025279759639,0.020560617096669634,0.0012862198947500546,0.03831764722506734,0.07379937026474478,0.06271151496575318,0.0673401361546263,0.16220190255200292
113,0.08788962231570213,0.002187634384309492,0.08281795718523033,0.004941095810079373,0.030003624668532212,0.021911606601342167,0.06486671708539855,0.0014315719739705771,0.04389526451845897,0.024414279402488866,0.1264042972919658,0.0023431492586715127,0.00033503143829536296,0.19366517758249968,0.006584793114438022,0.08286121071945725,0.17476720082688252,0.033311639485599676,0.0014125360359926492,0.013955590300684844
114,0.07119100517436502,0.05404997435879059,0.2007582586522695,0.19966642319984396,0.0016907759859828534,0.009073932323035511,0.016502018618810708,0.1114011748516463,0.029529628973638228,0.0019425562699039688,0.008526797845238908,0.025760028992785344,0.0009194244195176042,0.10117927278785319,0.05303328526979114,0.02695981222624183,0.025880794303623528,0.009668766387617614,0.03747766208693605,0.014788407272107992
115,0.37825841912182234,0.004355817923010777,0.00290957111724877,0.007830107978917169,0.11360664789264964,0.024949989447327015,0.012117482787832345,0.010897032741532838,0.004042993153191241,0.004781793632989444,0.061709533159820744,0.021809590694741594,0.0004971773324644016,0.028555763014207647,0.06515912196461308,0.23107626876927836,0.014078564311960834,0.0052545255784939545,0.00372423832962749,0.004385361048270236
116,0.0021387649248505148,0.0009596171772067086,0.004741965343742384,0.005995296668633904,0.0016249755991992632,0.0026436183614210735,0.004717541285850313,0.04006766674365636,0.01738760601486422,0.41883984290487203,0.43320741659932377,0.004496092965627946,0.0002608385769130829,0.0011278036785167497,0.0036894128574733753,0.008302334114102763,0.0069119689056514905,0.004672398612169081,0.008400819574604392,0.029814019091320712
117,0.058508497674773195,0.028491326292862756,0.054848469404505676,0.30924414390419347,0.008098296934891383,0.10511292615630498,0.04314163861247975,0.004258493859960497,0.04823596305057465,0.027567739543899142,0.007356215555625117,0.010114046575866226,0.00023452164863740202,0.0860348039709771,0.048521009276899514,0.07404983355479579,0.03278243279187153,0.0064762790843918,0.03513463992717594,0.011788722179314174
118,0.09395818136424433,0.0004695283354896738,0.0007339535741167737,0.02319478867664647,0.13468937666569292,0.01287447943248122,0.00013837742272728457,0.022889422298386593,0.0001723765380846981,0.0002209449189125836,0.1437201116264838,0.0013045135510597369,0.06295184588426997,0.08429827947317094,1.4444454535290035e-05,0.13868153165778882,0.0314665440839128,0.1021238554792654,0.0390809588978555,0.10701648566487514
119,0.16860559468533032,0.29996961715681797,0.002067174430982955,0.007339251069259988,0.060240497329469886,0.007399639483823308,0.04478519981857145,0.006395818861608778,0.003842517158989172,0.0151683814020807,0.04239972923228704,0.01564559476910768,0.0016481250752281944,0.1017515986185627,0.014400490014362426,0.018791421934292174,0.006585221029183064,0.033349377696167866,0.13998175753354297,0.009632992700331319
120,0.011212367119979635,0.015503153747836314,0.04506603464471641,0.04671476795332752,0.0097762840809387,0.014226467972264097,0.02562408096176428,0.01770542067001192,0.053410234625341425,0.12435327104108883,0.0387981500272511,0.0020945226142420003,0.002242729656741385,0.011679062045121459,0.004393659552905889,0.01156770559170481,0.3287910441095995,0.2121347332077373,0.01739146231380364,0.007314848063623807
121,0.010560472050958244,0.07921491240241141,0.0005149031180958623,0.13594160930978957,0.0006129308400982767,0.006808456719267049,0.022143676843926687,0.02333309998503135,0.13417558462389037,0.015723786954315023,0.020427609188950615,0.24211463609107436,0.024688796036572945,0.028450111067696186,0.0415506351886483,0.1602681163555018,0.017311349760489352,0.034814505075113876,0.000454145447145578,0.0008906629410229894
122,0.008682738242780373,0.0012068164125373113,0.0005845519310147538,0.0017801901975233747,0.0014228409525577734,0.007135446555487884,0.0005079097202375534,0.02339829548032298,0.0006577687840719715,0.8417886155167493,0.031323125974708516,0.019478173076019473,0.00109838536885323,0.0010760455854599226,0.0013678508443146294,0.0006379685306450159,0.006845307470943196,0.04736918047902657,0.0032750027286693704,0.0003637861480765972
123,0.07467971253857474,0.022487984456894747,0.0019410482190481363,0.2851975541415967,0.008920745803531888,0.05723043095608627,0.10339141669863659,0.006899251323718758,0.011650757336371366,0.03371731146612508,0.03424391996876948,0.05177186808562705,0.0012425400243958353,0.02317912152941838,0.03153523246790846,0.05330280765878688,0.1702382795414014,0.015865232393621344,0.002693750708492434,0.009811034680994486
124,0.014767244893066831,0.007858271691662063,0.32801940434282484,0.029962323044245575,0.008375290612159686,0.14421837636866738,0.0426783694799302,0.0017341086341079424,0.0030703138254831127,0.0012715062317080555,0.009885996940073014,0.14982355456999333,0.05045240361814354,0.03950046489629737,0.0006982557574047851,0.11016366165000815,0.018464989705743607,0.025702908847196018,0.0072285781731491715,0.006123976718135121
125,0.0010291216907805606,0.019787941834410783,0.0006451183195267813,0.0015352973708257435,0.005571840104755631,0.0037577161335501617,0.03238487105962876,0.022744929811851982,0.0007076454801214011,0.8540416855654455,0.010966526935042338,0.0014392417225115724,0.001839132152080301,0.0004941253241359149,0.0015609011284925397,0.00043519162822385973,0.004545659035350953,0.0048096355923549945,0.003758072192145229,0.0279453469187649
